run                          leg        peak   t20   t50 env8-12/0-4 settled other   |eR| ey pk ey st clamp
l1_4d_4d_best_A              step_x+     198  15.4   8.3        0.58    25.9     9  0.089  13.3   3.1   0.0
l1_4d_4d_best_A              step_x-     241  15.8   8.5        0.62    28.3     8  0.112  10.7   4.5   0.0
l1_4d_4d_best_A              step_y+     217   5.4   4.7        0.26     3.1    19  0.090   8.0   2.0   0.0
l1_4d_4d_best_A              step_y-     215  10.1   4.4        0.30     6.4     6  0.091   7.9   2.8   0.0
l1_4d_4d_best_B              step_x+     171  14.4   4.8        0.42    13.9    10  0.072  11.3   2.7   0.0
l1_4d_4d_best_B              step_x-     241  15.3   8.4        0.58    26.8    10  0.114  10.5   4.1   0.0
l1_4d_4d_best_B              step_y+     223  10.8   5.0        0.27     4.7    19  0.098   6.5   1.8   0.0
l1_4d_4d_best_B              step_y-     218   5.1   4.4        0.25     4.5     5  0.095   7.1   2.5   0.0
l1_4d_wx0p1                  step_x+     212  16.0   9.1        0.80    36.5    15  0.117  14.2   7.9   0.0
l1_4d_wx0p1                  step_x-     202  14.9  11.3        0.56    20.8     9  0.086  12.0   4.8   0.0
l1_4d_wx0p1                  step_y+     195   5.1   4.4        0.17     3.4    35  0.086  12.9   3.9   0.0
l1_4d_wx0p1                  step_y-     212   5.1   4.4        0.23     2.3     7  0.092   7.6   1.1   0.0
l1_4d_wct1                   step_x+     234   9.9   6.0        0.53     7.5    22  0.117  12.3   4.7   0.0
l1_4d_wct1                   step_x-     219   9.8   6.0        0.47     8.1    24  0.108   9.2   3.5   0.0
l1_4d_wct1                   step_y+     226  15.9   5.6        0.47    24.6    17  0.198  11.0   4.0   0.0
l1_4d_wct1                   step_y-     203  16.0   0.0        0.74    23.0    13  0.166   9.1   3.2   0.0
l1_4d_wct1p5                 step_x+     219  15.7   5.4        0.56    22.7     9  0.095  12.3   4.8   0.0
l1_4d_wct1p5                 step_x-     229  12.3   5.6        0.39    14.2     8  0.105   9.7   1.8   0.0
l1_4d_wct1p5                 step_y+     213   5.7   4.9        0.21     3.0    11  0.093   4.4   2.6   0.0
l1_4d_wct1p5                 step_y-     196   5.4   4.5        0.23     3.7     6  0.082   5.4   1.1   0.0
l1_4d_kv28                   step_x+     378  16.0  16.0        1.47   291.5   153  0.433  30.9  16.5   0.0
l1_4d_kv28                   step_x-     378  16.0  16.0        1.07   191.8   157  0.505  33.3  17.3   0.0
l1_4d_kv28                   step_y+     258  16.0  16.0        0.64    65.4   435  0.493  31.4  11.0   0.0
l1_4d_kv28                   step_y-     268  16.0  16.0        0.33   139.2   493  0.456  33.0  15.9   0.0
l1_4d_wcr0p25                step_x+     177  16.0   8.9        1.03    40.0     8  0.080  13.4   6.2   0.0
l1_4d_wcr0p25                step_x-     230  14.6   5.5        0.41    16.4     9  0.105   9.6   2.6   0.0
l1_4d_wcr0p25                step_y+     221  10.1   4.7        0.26     7.9    17  0.098   8.7   3.4   0.0
l1_4d_wcr0p25                step_y-     199   5.2   4.5        0.19     1.7    10  0.084   7.0   1.3   0.0
l1_4d_kw1p1                  step_x+     208  16.0  16.0        0.66    58.3    19  0.135  18.4   6.5   0.0
l1_4d_kw1p1                  step_x-     283  15.8  15.3        0.87    62.8    19  0.161  14.6   5.3   0.0
l1_4d_kw1p1                  step_y+     205  10.2   4.4        0.34     7.8    68  0.087   7.2   3.2   0.0
l1_4d_kw1p1                  step_y-     183  16.0   3.7        0.54    27.2    38  0.156  19.6  10.5   0.0
l1_4d_kx24                   step_x+     213  16.0   9.3        0.69    25.8    11  0.069  12.4   5.5   0.0
l1_4d_kx24                   step_x-     218  15.6   5.7        0.39    18.8     7  0.067   8.7   1.9   0.0
l1_4d_kx24                   step_y+     220   6.0   5.1        0.23     3.2    17  0.074   4.9   3.1   0.0
l1_4d_kx24                   step_y-     221   6.2   5.3        0.21     3.9     9  0.073   7.7   1.3   0.0
l1_4d_mrdx0p16               step_x+     187  16.0   9.2        0.86    30.0    12  0.094  13.0   5.0   0.0
l1_4d_mrdx0p16               step_x-     218  16.0  12.0        0.67    43.2     8  0.089   9.9   3.5   0.0
l1_4d_mrdx0p16               step_y+     208   5.0   4.3        0.26     5.5    36  0.088  10.1   2.8   0.0
l1_4d_mrdx0p16               step_y-     232   5.3   4.6        0.25     3.8    11  0.094   7.0   1.0   0.0
