pcstate keys: ['pcstate__recv', 'pcstate__header.frame_id', 'pcstate__position_reference.x', 'pcstate__position_reference.y', 'pcstate__position_reference.z', 'pcstate__velocity_reference.x', 'pcstate__velocity_reference.y', 'pcstate__velocity_reference.z', 'pcstate__position.x', 'pcstate__position.y', 'pcstate__position.z', 'pcstate__velocity.x', 'pcstate__velocity.y', 'pcstate__velocity.z', 'pcstate__acceleration.x', 'pcstate__acceleration.y', 'pcstate__acceleration.z', 'pcstate__position_error.x', 'pcstate__position_error.y', 'pcstate__position_error.z', 'pcstate__velocity_error.x', 'pcstate__velocity_error.y', 'pcstate__velocity_error.z', 'pcstate__output.x', 'pcstate__output.y', 'pcstate__output.z', 'pcstate__hdr']
ude keys: ['ude__recv', 'ude__type', 'ude__is_flying', 'ude__is_active', 'ude__damping_term.x', 'ude__damping_term.y', 'ude__damping_term.z', 'ude__dynamical_term.x', 'ude__dynamical_term.y', 'ude__dynamical_term.z', 'ude__actuation_term.x', 'ude__actuation_term.y', 'ude__actuation_term.z', 'ude__integral.x', 'ude__integral.y', 'ude__integral.z', 'ude__disturbance_estimate.x', 'ude__disturbance_estimate.y', 'ude__disturbance_estimate.z']
nav_state changes: [(3.32, 14), (79.67, 15)]  arming changes: [(81.14, 1)]
mocap hdr-recv median (s): -0.0001842975616455078

 t     | mocap pos (hdr t)         | mocap yaw | mocap same? | EV->PX4 pos (NED)        | PX4 EKF pos NED           | fused odom ENU            | PX4 vel NED        | x_cd (ref)             | e_p mm        | u1   | |e_R| | tilt | PX4 rpy            | SAFETY att sp rpy / thrust
  74.0 | [ 0.516 -0.005  1.068] |   112.0 | fresh  | [-0.005  0.516 -1.068] | [-0.005  0.521 -1.062] | [ 0.521 -0.005  1.062] | [ 0.153  0.007 -0.005] | [ 0.553 -0.031  1.039] |   -34    33    3 |  38.6 | 0.044 |  0.9 | [ -0.778   0.515 -22.629] | [ 2.635  4.204 91.633] / [ 0.     0.    -0.595]
  74.2 | [0.515 0.027 1.071] |   114.7 | fresh  | [ 0.027  0.515 -1.071] | [ 0.027  0.518 -1.066] | [0.518 0.027 1.066] | [ 0.155 -0.001  0.001] | [ 0.554 -0.002  1.039] |   -38    35    6 |  38.6 | 0.044 |  1.0 | [ -0.511   0.896 -25.504] | [ 2.805  3.872 91.63 ] / [ 0.     0.    -0.596]
  74.4 | [0.516 0.059 1.071] |   118.0 | fresh  | [ 0.059  0.516 -1.071] | [ 0.058  0.516 -1.067] | [0.516 0.058 1.067] | [ 0.157 -0.01   0.01 ] | [0.553 0.027 1.039] |   -40    37    8 |  38.8 | 0.037 |  1.1 | [ -0.385   1.068 -28.456] | [ 2.642  4.075 91.628] / [ 0.     0.    -0.596]
  74.6 | [0.519 0.09  1.069] |   121.2 | fresh  | [ 0.09   0.519 -1.069] | [ 0.088  0.517 -1.066] | [0.517 0.088 1.066] | [0.133 0.024 0.017] | [0.551 0.056 1.039] |   -37    39    7 |  39.0 | 0.033 |  1.1 | [ -0.618   0.927 -31.499] | [ 2.965  3.952 91.645] / [ 0.     0.    -0.597]
  74.8 | [0.522 0.118 1.068] |   123.9 | fresh  | [ 0.118  0.522 -1.068] | [ 0.119  0.52  -1.066] | [0.52  0.119 1.066] | [0.142 0.014 0.008] | [0.548 0.084 1.039] |   -31    40    7 |  38.8 | 0.030 |  1.2 | [ -0.899   0.758 -34.445] | [ 2.899  4.104 91.648] / [ 0.     0.    -0.596]
  75.0 | [0.525 0.146 1.069] |   127.2 | fresh  | [ 0.146  0.525 -1.069] | [ 0.148  0.523 -1.067] | [0.523 0.148 1.067] | [0.136 0.015 0.   ] | [0.542 0.113 1.039] |   -23    40    8 |  38.5 | 0.027 |  1.3 | [ -1.078   0.664 -37.54 ] | [ 3.075  3.781 91.643] / [ 0.     0.    -0.596]
  75.2 | [0.524 0.173 1.069] |   130.2 | fresh  | [ 0.173  0.524 -1.069] | [ 0.174  0.523 -1.068] | [0.523 0.174 1.068] | [ 0.134 -0.028  0.002] | [0.536 0.141 1.039] |   -17    38    9 |  38.4 | 0.022 |  1.3 | [ -1.204   0.554 -40.571] | [ 2.855  3.971 91.638] / [ 0.     0.    -0.596]
  75.4 | [0.519 0.198 1.068] |   133.2 | fresh  | [ 0.198  0.519 -1.068] | [ 0.198  0.519 -1.068] | [0.519 0.198 1.068] | [ 0.11  -0.017  0.008] | [0.528 0.169 1.039] |   -13    35    9 |  38.6 | 0.023 |  1.1 | [ -1.002   0.518 -43.602] | [ 3.137  3.413 91.627] / [ 0.     0.    -0.596]
  75.6 | [0.516 0.213 1.066] |   135.2 | FROZEN | [ 0.213  0.516 -1.066] | [ 0.223  0.511 -1.066] | [0.511 0.223 1.066] | [ 0.122 -0.064  0.012] | [0.518 0.196 1.038] |   -12    32    7 |  38.7 | 0.020 |  1.1 | [ -0.902   0.56  -46.642] | [ 3.045  3.284 91.615] / [ 0.     0.    -0.596]
  75.8 | [0.516 0.213 1.066] |   135.2 | FROZEN | [ 0.213  0.516 -1.066] | [ 0.246  0.5   -1.064] | [0.5   0.246 1.064] | [ 0.114 -0.054  0.015] | [0.507 0.223 1.038] |   -12    28    5 |  38.8 | 0.018 |  1.1 | [ -0.936   0.524 -49.719] | [ 3.288  2.962 91.61 ] / [ 0.     0.    -0.596]
  76.0 | [0.516 0.213 1.066] |   135.2 | FROZEN | [ 0.213  0.516 -1.066] | [ 0.257  0.492 -1.063] | [0.492 0.257 1.063] | [ 0.091 -0.075  0.006] | [0.495 0.249 1.038] |    -7    12    4 |  38.6 | 0.019 |  0.9 | [ -0.763   0.504 -52.739] | [ 2.773  3.029 91.587] / [ 0.     0.    -0.596]
  76.2 | [0.516 0.213 1.066] |   135.2 | FROZEN | [ 0.213  0.516 -1.066] | [ 0.255  0.49  -1.064] | [0.49  0.255 1.064] | [ 0.048 -0.025  0.008] | [0.481 0.275 1.038] |     3   -15    5 |  38.5 | 0.050 |  0.5 | [ -0.433   0.265 -55.712] | [ 2.642  2.982 91.578] / [ 0.     0.    -0.595]
  76.4 | [0.516 0.213 1.066] |   135.2 | FROZEN | [ 0.213  0.516 -1.066] | [ 0.247  0.491 -1.064] | [0.491 0.247 1.064] | [ 0.051 -0.044  0.011] | [0.467 0.3   1.038] |    20   -48    5 |  38.6 | 0.077 |  0.3 | [  0.22   -0.189 -58.666] | [ 2.319  3.073 91.564] / [ 0.     0.    -0.596]
  76.6 | [0.516 0.213 1.066] |   135.2 | FROZEN | [ 0.213  0.516 -1.066] | [ 0.243  0.494 -1.064] | [0.494 0.243 1.064] | [ 0.076 -0.046  0.002] | [0.45  0.324 1.038] |    38   -76    5 |  38.5 | 0.087 |  0.7 | [  0.534  -0.52  -61.639] | [ 2.5    3.203 91.58 ] / [ 0.     0.    -0.595]
  76.8 | [0.516 0.213 1.066] |   135.2 | FROZEN | [ 0.213  0.516 -1.066] | [ 0.248  0.495 -1.064] | [0.495 0.248 1.064] | [ 0.109 -0.045  0.014] | [0.433 0.346 1.038] |    56   -96    5 |  38.7 | 0.090 |  0.9 | [  0.536  -0.734 -64.284] | [ 2.745  3.142 91.591] / [ 0.     0.    -0.596]
  77.0 | [0.516 0.213 1.066] |   135.2 | FROZEN | [ 0.213  0.516 -1.066] | [ 0.258  0.494 -1.062] | [0.494 0.258 1.062] | [ 0.141 -0.057  0.014] | [0.415 0.368 1.038] |    74  -108    3 |  38.9 | 0.095 |  0.7 | [  0.255  -0.683 -67.229] | [ 3.225  3.085 91.614] / [ 0.     0.    -0.597]
  77.2 | [0.516 0.213 1.066] |   135.2 | FROZEN | [ 0.213  0.516 -1.066] | [ 0.267  0.491 -1.062] | [0.491 0.267 1.062] | [ 0.146 -0.078  0.004] | [0.395 0.39  1.038] |    90  -121    3 |  38.8 | 0.108 |  0.8 | [ -0.22   -0.771 -70.17 ] | [ 3.108  2.691 91.586] / [ 0.     0.    -0.596]
  77.4 | [0.516 0.213 1.066] |   135.2 | FROZEN | [ 0.213  0.516 -1.066] | [ 0.269  0.484 -1.063] | [0.484 0.269 1.063] | [ 0.125 -0.101  0.007] | [0.374 0.41  1.038] |   105  -139    5 |  38.6 | 0.130 |  0.8 | [ -0.069  -0.829 -72.965] | [ 2.888  2.751 91.579] / [ 0.     0.    -0.596]
  77.6 | [0.516 0.213 1.066] |   135.2 | FROZEN | [ 0.213  0.516 -1.066] | [ 0.264  0.478 -1.064] | [0.478 0.264 1.064] | [ 0.1   -0.11  -0.001] | [0.352 0.429 1.038] |   120  -163    6 |  38.6 | 0.156 |  0.7 | [  0.386  -0.621 -75.798] | [ 2.506  2.564 91.552] / [ 0.     0.    -0.595]
  77.8 | [0.516 0.213 1.066] |   135.2 | FROZEN | [ 0.213  0.516 -1.066] | [ 0.258  0.473 -1.064] | [0.473 0.258 1.064] | [ 0.1   -0.125  0.006] | [0.329 0.447 1.037] |   138  -187    6 |  38.9 | 0.176 |  1.1 | [  0.905  -0.621 -78.787] | [ 2.423  2.791 91.558] / [ 0.     0.    -0.596]
  78.0 | [0.516 0.213 1.066] |   135.2 | FROZEN | [ 0.213  0.516 -1.066] | [ 0.255  0.472 -1.063] | [0.472 0.255 1.063] | [ 0.112 -0.111 -0.003] | [0.307 0.463 1.037] |   146  -190    5 |  35.7 | 0.176 |  1.5 | [  1.131  -0.973 -81.421] | [ 2.478  2.679 91.556] / [ 0.     0.    -0.596]
  78.2 | [0.516 0.213 1.066] |   135.2 | FROZEN | [ 0.213  0.516 -1.066] | [ 0.256  0.47  -1.065] | [0.47  0.256 1.065] | [ 0.125 -0.137  0.001] | [0.296 0.47  1.037] |     0     0    0 |   0.0 | 0.000 |  1.6 | [  1.418  -0.789 -84.935] | [ -0.106  -0.177 -82.608] / [ 0.     0.    -0.597]
  78.4 | [0.51  0.23  1.065] |   137.1 | FROZEN | [ 0.23   0.51  -1.065] | [ 0.26   0.473 -1.06 ] | [0.473 0.26  1.06 ] | [ 0.124 -0.106  0.054] | [0.296 0.47  1.037] |     0     0    0 |   0.0 | 0.000 |  0.8 | [  0.012   0.797 -87.217] | [ -0.554  -0.156 -82.607] / [ 0.     0.    -0.601]
  78.6 | [-0.142  1.407  0.967] |  -179.8 | fresh  | [ 1.407 -0.142 -0.967] | [ 0.256  0.48  -1.043] | [0.48  0.256 1.043] | [ 0.081 -0.051  0.131] | [0.296 0.47  1.037] |     0     0    0 |   0.0 | 0.000 |  1.3 | [ -1.286   0.106 -86.039] | [  0.084   0.241 -82.608] / [ 0.     0.    -0.609]
  78.8 | [-0.248  1.567  0.93 ] |   179.3 | fresh  | [ 1.567 -0.248 -0.93 ] | [ 0.242  0.49  -1.015] | [0.49  0.242 1.015] | [ 0.013 -0.055  0.166] | [0.296 0.47  1.037] |     0     0    0 |   0.0 | 0.000 |  0.8 | [ -0.599   0.591 -84.657] | [  0.095  -0.034 -82.609] / [ 0.     0.    -0.615]
  79.0 | [-0.359  1.729  0.886] |   178.4 | fresh  | [ 1.729 -0.359 -0.886] | [ 0.227  0.495 -0.97 ] | [0.495 0.227 0.97 ] | [-0.023 -0.043  0.189] | [0.296 0.47  1.037] |     0     0    0 |   0.0 | 0.000 |  0.2 | [ -0.117   0.213 -83.698] | [  0.741  -0.245 -82.612] / [ 0.     0.    -0.621]
  79.2 | [-0.477  1.899  0.84 ] |   177.5 | fresh  | [ 1.899 -0.477 -0.84 ] | [ 0.214  0.493 -0.915] | [0.493 0.214 0.915] | [-0.043 -0.043  0.192] | [0.296 0.47  1.037] |     0     0    0 |   0.0 | 0.000 |  0.3 | [  0.292   0.151 -82.954] | [  0.661  -0.368 -82.613] / [ 0.     0.    -0.627]
  79.4 | [-0.602  2.079  0.8  ] |   177.3 | fresh  | [ 2.071 -0.597 -0.802] | [ 0.206  0.486 -0.857] | [0.486 0.206 0.857] | [-0.037 -0.033  0.179] | [0.296 0.47  1.037] |     0     0    0 |   0.0 | 0.000 |  0.5 | [  0.486  -0.036 -82.559] | [  0.618  -0.092 -82.61 ] / [ 0.     0.    -0.631]
  79.6 | [-0.735  2.27   0.768] |   176.8 | fresh  | [ 2.27  -0.735 -0.768] | [ 0.204  0.477 -0.804] | [0.477 0.204 0.804] | [-0.032 -0.053  0.152] | [0.296 0.47  1.037] |     0     0    0 |   0.0 | 0.000 |  0.5 | [  0.495   0.2   -82.208] | [  0.729   0.079 -82.608] / [ 0.     0.    -0.634]
  79.8 | [-0.876  2.473  0.745] |   176.5 | fresh  | [ 2.473 -0.876 -0.745] | [ 2.286 -0.753 -0.763] | [-0.753  2.286  0.763] | [ 0.967 -0.673  0.095] | [0.296 0.47  1.037] |     0     0    0 |   0.0 | 0.000 |  0.4 | [  0.177   0.329 -82.028] | [ -8.446   6.926 -83.634] / [ 0.     0.    -0.628]
  80.0 | [-1.023  2.684  0.73 ] |   176.2 | fresh  | [ 2.684 -1.023 -0.73 ] | [ 2.572 -0.947 -0.736] | [-0.947  2.572  0.736] | [ 0.956 -0.674  0.097] | [0.296 0.47  1.037] |     0     0    0 |   0.0 | 0.000 |  0.3 | [ -0.216   0.14  -81.719] | [ -8.387   7.146 -83.659] / [ 0.     0.    -0.627]
  80.2 | [-1.175  2.901  0.687] |   176.1 | fresh  | [ 2.901 -1.175 -0.687] | [ 2.82 -1.12 -0.68] | [-1.12  2.82  0.68] | [ 0.95  -0.698  0.482] | [0.296 0.47  1.037] |     0     0    0 |   0.0 | 0.000 |  0.8 | [ -0.622   0.549 -81.484] | [ -7.83    6.939 -83.561] / [ 0.     0.    -0.641]
  80.4 | [-1.334  3.117  0.547] |   176.0 | fresh  | [ 3.117 -1.334 -0.547] | [ 3.053 -1.288 -0.533] | [-1.288  3.053  0.533] | [ 0.976 -0.731  1.001] | [0.296 0.47  1.037] |     0     0    0 |   0.0 | 0.000 |  0.3 | [  0.296   0.109 -81.658] | [ -7.02    6.195 -83.37 ] / [ 0.     0.    -0.658]
  80.6 | [-1.462  3.306  0.35 ] |   176.1 | FROZEN | [ 3.306 -1.462 -0.35 ] | [ 3.286 -1.455 -0.301] | [-1.455  3.286  0.301] | [ 1.03  -0.733  1.348] | [0.296 0.47  1.037] |     0     0    0 |   0.0 | 0.000 |  0.6 | [  0.615  -0.062 -82.073] | [ -6.528   5.748 -83.265] / [ 0.     0.    -0.668]
  80.8 | [-1.546  3.42   0.213] |   177.3 | FROZEN | [ 3.42  -1.546 -0.213] | [ 3.445 -1.581 -0.243] | [-1.581  3.445  0.243] | [ 0.183 -0.337 -0.558] | [0.296 0.47  1.037] |     0     0    0 |   0.0 | 0.000 | 16.9 | [-13.185 -10.606 -78.044] | [ -5.122   5.278 -83.081] / [ 0.     0.    -0.592]
  81.0 | [-1.546  3.42   0.213] |   177.3 | FROZEN | [ 3.42  -1.546 -0.213] | [ 3.494 -1.68  -0.268] | [-1.68   3.494  0.268] | [ 0.054 -0.608  0.502] | [0.296 0.47  1.037] |     0     0    0 |   0.0 | 0.000 | 36.7 | [-32.411 -18.205 -66.868] | [ -2.727   6.596 -82.922] / [ 0.     0.    -0.647]
  81.2 | [-1.546  3.42   0.213] |   177.3 | FROZEN | [ 3.42  -1.546 -0.213] | [ 3.505 -1.775 -0.222] | [-1.775  3.505  0.222] | [ 0.102 -0.387  0.378] | [0.296 0.47  1.037] |     0     0    0 |   0.0 | 0.000 | 48.6 | [-29.125 -40.771 -54.556] | [ -2.627   6.04  -82.885] / [ 0.     0.    -0.648]
  81.4 | [-1.546  3.42   0.213] |   177.3 | FROZEN | [ 3.42  -1.546 -0.213] | [ 3.527 -1.71  -0.172] | [-1.71   3.527  0.172] | [-0.039  0.423  0.214] | [0.296 0.47  1.037] |     0     0    0 |   0.0 | 0.000 | 58.4 | [ -9.691 -57.881 -65.957] | [ -2.95   -0.818 -82.567] / [ 0.     0.    -0.635]
  81.6 | [-1.546  3.42   0.213] |   177.3 | FROZEN | [ 3.42  -1.546 -0.213] | [ 3.44  -1.539 -0.158] | [-1.539  3.44   0.158] | [-0.459  0.535 -0.051] | [0.296 0.47  1.037] |     0     0    0 |   0.0 | 0.000 | 53.5 | [ -3.462 -53.378 -73.742] | [ -0.036  -2.401 -82.607] / [ 0.     0.    -0.623]
  81.8 | [-1.546  3.42   0.213] |   177.3 | FROZEN | [ 3.42  -1.546 -0.213] | [ 3.31  -1.391 -0.167] | [-1.391  3.31   0.167] | [-0.451  0.552 -0.002] | [0.296 0.47  1.037] |     0     0    0 |   0.0 | 0.000 | 52.2 | [ -6.233 -51.95  -70.989] | [ -0.042  -2.464 -82.607] / [ 0.     0.    -0.625]
  82.0 | [-1.546  3.42   0.213] |   177.3 | FROZEN | [ 3.42  -1.546 -0.213] | [ 3.21  -1.276 -0.178] | [-1.276  3.21   0.178] | [-0.465  0.575  0.015] | [0.296 0.47  1.037] |     0     0    0 |   0.0 | 0.000 | 54.3 | [ -4.263 -54.224 -72.723] | [ -0.024  -2.619 -82.608] / [ 0.     0.    -0.626]
  82.2 | [-1.546  3.42   0.213] |   177.3 | FROZEN | [ 3.42  -1.546 -0.213] | [ 3.139 -1.201 -0.192] | [-1.201  3.139  0.192] | [-0.548  0.631 -0.02 ] | [0.296 0.47  1.037] |     0     0    0 |   0.0 | 0.000 | 55.1 | [ -3.57  -55.007 -73.429] | [  0.391  -2.953 -82.629] / [ 0.     0.    -0.624]
  82.4 | [-1.546  3.42   0.213] |   177.3 | FROZEN | [ 3.42  -1.546 -0.213] | [ 3.103 -1.167 -0.207] | [-1.167  3.103  0.207] | [-0.478  0.555 -0.015] | [0.296 0.47  1.037] |     0     0    0 |   0.0 | 0.000 | 54.4 | [ -4.395 -54.238 -72.812] | [  0.13   -2.595 -82.615] / [ 0.     0.    -0.624]
  82.6 | [-1.546  3.42   0.213] |   177.3 | FROZEN | [ 3.42  -1.546 -0.213] | [ 3.147 -1.221 -0.214] | [-1.221  3.147  0.214] | [-0.094  0.121  0.019] | [0.296 0.47  1.037] |     0     0    0 |   0.0 | 0.000 | 55.3 | [ -3.54  -55.205 -73.664] | [ -2.257   0.931 -82.645] / [ 0.     0.    -0.626]
  82.8 | [-1.546  3.42   0.213] |   177.3 | FROZEN | [ 3.42  -1.546 -0.213] | [ 3.245 -1.335 -0.214] | [-1.335  3.245  0.214] | [-0.093  0.106  0.004] | [0.296 0.47  1.037] |     0     0    0 |   0.0 | 0.000 | 55.4 | [ -3.459 -55.338 -73.914] | [ -2.247   1.153 -82.654] / [ 0.     0.    -0.624]
  83.0 | [-1.546  3.42   0.213] |   177.3 | FROZEN | [ 3.42  -1.546 -0.213] | [ 3.309 -1.411 -0.215] | [-1.411  3.309  0.215] | [-0.077  0.085  0.005] | [0.296 0.47  1.037] |     0     0    0 |   0.0 | 0.000 | 55.0 | [ -3.954 -54.883 -73.646] | [ -2.343   1.399 -82.666] / [ 0.     0.    -0.624]
  83.2 | [-1.546  3.42   0.213] |   177.3 | FROZEN | [ 3.42  -1.546 -0.213] | [ 3.345 -1.456 -0.217] | [-1.456  3.345  0.217] | [-0.126  0.152 -0.032] | [0.296 0.47  1.037] |     0     0    0 |   0.0 | 0.000 | 53.8 | [ -4.717 -53.646 -73.062] | [ -1.994   0.873 -82.639] / [ 0.     0.    -0.622]
  83.4 | [-1.546  3.42   0.213] |   177.3 | FROZEN | [ 3.42  -1.546 -0.213] | [ 3.362 -1.452 -0.233] | [-1.452  3.362  0.233] | [-0.092  0.364 -0.116] | [0.296 0.47  1.037] |     0     0    0 |   0.0 | 0.000 | 46.2 | [ -4.547 -45.985 -71.105] | [ -2.642  -0.912 -82.567] / [ 0.     0.    -0.617]
  83.6 | [-1.546  3.42   0.213] |   177.3 | FROZEN | [ 3.42  -1.546 -0.213] | [ 3.366 -1.411 -0.246] | [-1.411  3.366  0.246] | [-0.139  0.408 -0.046] | [0.296 0.47  1.037] |     0     0    0 |   0.0 | 0.000 | 32.4 | [ -2.807 -32.304 -74.345] | [ -2.239  -1.47  -82.551] / [ 0.    0.   -0.62]
  83.8 | [-1.546  3.42   0.213] |   177.3 | FROZEN | [ 3.42  -1.546 -0.213] | [ 3.371 -1.399 -0.232] | [-1.399  3.371  0.232] | [-0.131  0.283  0.052] | [0.296 0.47  1.037] |     0     0    0 |   0.0 | 0.000 | 18.7 | [ -2.179 -18.603 -75.349] | [ -2.161  -0.536 -82.588] / [ 0.     0.    -0.626]
  84.0 | [-1.546  3.42   0.213] |   177.3 | FROZEN | [ 3.42  -1.546 -0.213] | [ 3.382 -1.445 -0.206] | [-1.445  3.382  0.206] | [-0.054 -0.006  0.101] | [0.296 0.47  1.037] |     0     0    0 |   0.0 | 0.000 |  8.4 | [ -2.192  -8.127 -77.578] | [ -2.428   2.163 -82.7  ] / [ 0.    0.   -0.63]
  84.2 | [-1.546  3.42   0.213] |   177.3 | FROZEN | [ 3.42  -1.546 -0.213] | [ 3.407 -1.531 -0.188] | [-1.531  3.407  0.188] | [ 0.022 -0.23   0.073] | [0.296 0.47  1.037] |     0     0    0 |   0.0 | 0.000 |  2.0 | [ -1.076  -1.719 -77.623] | [ -2.86    4.376 -82.827] / [ 0.    0.   -0.63]
  84.4 | [-1.546  3.42   0.213] |   177.3 | FROZEN | [ 3.42  -1.546 -0.213] | [ 3.428 -1.61  -0.187] | [-1.61   3.428  0.187] | [-0.011 -0.202  0.03 ] | [0.296 0.47  1.037] |     0     0    0 |   0.0 | 0.000 |  3.9 | [ -0.159   3.907 -76.893] | [ -2.643   4.341 -82.809] / [ 0.     0.    -0.627]
  84.6 | [-1.546  3.42   0.213] |   177.3 | FROZEN | [ 3.42  -1.546 -0.213] | [ 3.435 -1.656 -0.196] | [-1.656  3.435  0.196] | [ 0.017 -0.386  0.   ] | [0.296 0.47  1.037] |     0     0    0 |   0.0 | 0.000 |  8.6 | [  0.355   8.603 -77.111] | [ -2.614   5.812 -82.874] / [ 0.     0.    -0.625]
  84.8 | [-1.546  3.42   0.213] |   177.3 | FROZEN | [ 3.42  -1.546 -0.213] | [ 3.442 -1.711 -0.207] | [-1.711  3.442  0.207] | [ 0.017 -0.383 -0.017] | [0.296 0.47  1.037] |     0     0    0 |   0.0 | 0.000 |  4.9 | [ -0.264   4.932 -76.682] | [ -2.579   6.047 -82.881] / [ 0.     0.    -0.624]
  85.0 | [-1.546  3.42   0.213] |   177.3 | FROZEN | [ 3.42  -1.546 -0.213] | [ 3.445 -1.701 -0.215] | [-1.701  3.445  0.215] | [ 0.008 -0.144 -0.019] | [0.296 0.47  1.037] |     0     0    0 |   0.0 | 0.000 |  6.9 | [ -0.046   6.9   -76.685] | [ -2.807   3.876 -82.799] / [ 0.     0.    -0.623]
  85.2 | [-1.546  3.42   0.213] |   177.3 | FROZEN | [ 3.42  -1.546 -0.213] | [ 3.444 -1.67  -0.22 ] | [-1.67   3.444  0.22 ] | [-0.002 -0.188 -0.021] | [0.296 0.47  1.037] |     0     0    0 |   0.0 | 0.000 |  7.1 | [  0.003   7.1   -76.799] | [ -2.687   4.23  -82.807] / [ 0.     0.    -0.623]
  85.4 | [-1.546  3.42   0.213] |   177.3 | FROZEN | [ 3.42  -1.546 -0.213] | [ 3.441 -1.643 -0.223] | [-1.643  3.441  0.223] | [-0.01  -0.036 -0.017] | [0.296 0.47  1.037] |     0     0    0 |   0.0 | 0.000 |  6.3 | [ -0.08    6.253 -77.004] | [ -2.791   2.856 -82.748] / [ 0.     0.    -0.622]
  85.6 | [-1.546  3.42   0.213] |   177.3 | FROZEN | [ 3.42  -1.546 -0.213] | [ 3.438 -1.606 -0.223] | [-1.607  3.438  0.223] | [-0.013 -0.049 -0.019] | [0.296 0.47  1.037] |     0     0    0 |   0.0 | 0.000 |  7.1 | [  0.054   7.132 -77.057] | [ -2.786   2.873 -82.748] / [ 0.     0.    -0.622]
  85.8 | [-1.546  3.42   0.213] |   177.3 | FROZEN | [ 3.42  -1.546 -0.213] | [ 3.435 -1.585 -0.223] | [-1.585  3.435  0.223] | [-0.015  0.015 -0.015] | [0.296 0.47  1.037] |     0     0    0 |   0.0 | 0.000 |  6.5 | [ -0.008   6.493 -77.218] | [ -2.844   2.293 -82.723] / [ 0.     0.    -0.622]
  86.0 | [-1.546  3.42   0.213] |   177.3 | FROZEN | [ 3.42  -1.546 -0.213] | [ 3.432 -1.564 -0.223] | [-1.564  3.432  0.223] | [-0.012 -0.002 -0.016] | [0.296 0.47  1.037] |     0     0    0 |   0.0 | 0.000 |  6.9 | [  0.054   6.906 -77.317] | [ -2.837   2.406 -82.728] / [ 0.     0.    -0.622]
  86.2 | [-1.546  3.42   0.213] |   177.3 | FROZEN | [ 3.42  -1.546 -0.213] | [ 3.43  -1.554 -0.222] | [-1.554  3.43   0.222] | [-0.014  0.031 -0.013] | [0.296 0.47  1.037] |     0     0    0 |   0.0 | 0.000 |  6.7 | [  0.046   6.662 -77.469] | [ -2.882   2.082 -82.713] / [ 0.     0.    -0.623]
  86.4 | [-1.546  3.42   0.213] |   177.3 | FROZEN | [ 3.42  -1.546 -0.213] | [ 3.429 -1.546 -0.221] | [-1.546  3.429  0.221] | [-0.01   0.013 -0.014] | [0.296 0.47  1.037] |     0     0    0 |   0.0 | 0.000 |  6.7 | [  0.072   6.727 -77.612] | [ -2.889   2.25  -82.722] / [ 0.     0.    -0.623]
  86.6 | [-1.546  3.42   0.213] |   177.3 | FROZEN | [ 3.42  -1.546 -0.213] | [ 3.429 -1.542 -0.22 ] | [-1.542  3.429  0.22 ] | [-0.009  0.029 -0.012] | [0.296 0.47  1.037] |     0     0    0 |   0.0 | 0.000 |  6.7 | [  0.092   6.725 -77.736] | [ -2.932   2.091 -82.716] / [ 0.     0.    -0.623]
  86.8 | [-1.546  3.42   0.213] |   177.3 | FROZEN | [ 3.42  -1.546 -0.213] | [ 3.429 -1.54  -0.22 ] | [-1.54   3.429  0.22 ] | [-0.008  0.019 -0.012] | [0.296 0.47  1.037] |     0     0    0 |   0.0 | 0.000 |  6.6 | [  0.1     6.633 -77.884] | [ -2.926   2.191 -82.721] / [ 0.     0.    -0.623]
  87.0 | [-1.546  3.42   0.213] |   177.3 | FROZEN | [ 3.42  -1.546 -0.213] | [ 3.428 -1.539 -0.219] | [-1.539  3.428  0.219] | [-0.006  0.02  -0.011] | [0.296 0.47  1.037] |     0     0    0 |   0.0 | 0.000 |  6.7 | [  0.124   6.704 -78.009] | [ -2.952   2.168 -82.72 ] / [ 0.     0.    -0.623]
  87.2 | [-1.575  3.625  0.172] |   167.3 | fresh  | [ 3.625 -1.575 -0.172] | [ 3.428 -1.539 -0.219] | [-1.539  3.428  0.219] | [-0.005  0.02  -0.012] | [0.296 0.47  1.037] |     0     0    0 |   0.0 | 0.000 |  6.6 | [  0.13    6.619 -78.144] | [ -2.953   2.182 -82.721] / [ 0.     0.    -0.623]
  87.4 | [-1.574  3.625  0.172] |   167.3 | fresh  | [ 3.625 -1.574 -0.172] | [ 3.439 -1.541 -0.215] | [-1.541  3.439  0.215] | [ 0.004  0.013 -0.01 ] | [0.296 0.47  1.037] |     0     0    0 |   0.0 | 0.000 |  6.6 | [  0.153   6.633 -78.254] | [ -3.031   2.247 -82.728] / [ 0.     0.    -0.623]
  87.6 | [-1.542  3.533  0.197] |    -7.0 | fresh  | [ 3.533 -1.542 -0.197] | [ 3.466 -1.546 -0.209] | [-1.546  3.466  0.209] | [ 0.02   0.012 -0.007] | [0.296 0.47  1.037] |     0     0    0 |   0.0 | 0.000 |  6.6 | [  0.188   6.616 -78.294] | [ -3.194   2.272 -82.735] / [ 0.     0.    -0.623]
  87.8 | [-1.542  3.533  0.197] |    -7.4 | fresh  | [ 3.533 -1.542 -0.197] | [ 3.504 -1.552 -0.202] | [-1.552  3.504  0.202] | [ 0.041  0.005 -0.004] | [0.296 0.47  1.037] |     0     0    0 |   0.0 | 0.000 |  6.6 | [  0.225   6.58  -78.302] | [ -3.392   2.353 -82.748] / [ 0.     0.    -0.623]
  88.0 | [-1.576  3.638  0.171] |   168.6 | fresh  | [ 3.638 -1.576 -0.171] | [ 3.531 -1.555 -0.197] | [-1.555  3.531  0.197] | [ 0.044  0.004 -0.003] | [0.296 0.47  1.037] |     0     0    0 |   0.0 | 0.000 |  6.6 | [  0.232   6.589 -78.302] | [ -3.433   2.354 -82.75 ] / [ 0.     0.    -0.624]
  88.2 | [-1.542  3.532  0.198] |    -7.4 | fresh  | [ 3.532 -1.542 -0.198] | [ 3.548 -1.556 -0.192] | [-1.556  3.548  0.192] | [0.038 0.004 0.001] | [0.296 0.47  1.037] |     0     0    0 |   0.0 | 0.000 |  6.6 | [  0.207   6.574 -78.312] | [ -3.394   2.335 -82.747] / [ 0.     0.    -0.624]
  88.4 | [-1.586  3.636  0.107] |   160.5 | fresh  | [ 3.636 -1.586 -0.107] | [ 3.563 -1.559 -0.186] | [-1.559  3.563  0.186] | [0.033 0.002 0.003] | [0.296 0.47  1.037] |     0     0    0 |   0.0 | 0.000 |  6.6 | [  0.184   6.572 -78.324] | [ -3.342   2.364 -82.747] / [ 0.     0.    -0.624]
  88.6 | [-1.574  3.625  0.172] |   167.3 | fresh  | [ 3.625 -1.574 -0.172] | [ 3.571 -1.559 -0.185] | [-1.559  3.571  0.185] | [ 0.025  0.003 -0.003] | [0.296 0.47  1.037] |     0     0    0 |   0.0 | 0.000 |  6.6 | [  0.167   6.584 -78.335] | [ -3.263   2.333 -82.742] / [ 0.     0.    -0.624]
  88.8 | [-1.575  3.625  0.172] |   167.3 | fresh  | [ 3.625 -1.575 -0.172] | [ 3.582 -1.562 -0.181] | [-1.562  3.582  0.181] | [ 0.022  0.001 -0.005] | [0.296 0.47  1.037] |     0     0    0 |   0.0 | 0.000 |  6.6 | [  0.164   6.571 -78.343] | [ -3.239   2.336 -82.741] / [ 0.     0.    -0.623]
  89.0 | [-1.543  3.533  0.197] |    -7.3 | fresh  | [ 3.533 -1.543 -0.197] | [ 3.594 -1.564 -0.177] | [-1.564  3.594  0.177] | [ 0.021  0.001 -0.004] | [0.296 0.47  1.037] |     0     0    0 |   0.0 | 0.000 |  6.6 | [  0.166   6.57  -78.347] | [ -3.23    2.359 -82.742] / [ 0.     0.    -0.623]
  89.2 | [-1.543  3.533  0.197] |    -7.6 | fresh  | [ 3.533 -1.543 -0.197] | [ 3.601 -1.566 -0.176] | [-1.566  3.601  0.176] | [ 0.016  0.001 -0.005] | [0.296 0.47  1.037] |     0     0    0 |   0.0 | 0.000 |  6.6 | [  0.164   6.564 -78.351] | [ -3.188   2.34  -82.739] / [ 0.     0.    -0.623]
  89.4 | [-1.543  3.533  0.197] |    -7.6 | fresh  | [ 3.533 -1.543 -0.197] | [ 3.597 -1.565 -0.178] | [-1.565  3.597  0.178] | [ 0.004  0.001 -0.008] | [0.296 0.47  1.037] |     0     0    0 |   0.0 | 0.000 |  6.6 | [  0.145   6.563 -78.358] | [ -3.078   2.325 -82.734] / [ 0.     0.    -0.623]
  89.6 | [-1.543  3.533  0.197] |    -7.5 | fresh  | [ 3.533 -1.543 -0.197] | [ 3.585 -1.561 -0.182] | [-1.561  3.585  0.182] | [-0.008  0.005 -0.009] | [0.296 0.47  1.037] |     0     0    0 |   0.0 | 0.000 |  6.6 | [  0.128   6.563 -78.367] | [ -2.957   2.297 -82.727] / [ 0.     0.    -0.623]
  89.8 | [-1.543  3.533  0.197] |    -7.6 | fresh  | [ 3.533 -1.543 -0.197] | [ 3.572 -1.558 -0.186] | [-1.558  3.572  0.186] | [-0.015  0.003 -0.01 ] | [0.296 0.47  1.037] |     0     0    0 |   0.0 | 0.000 |  6.6 | [  0.127   6.564 -78.372] | [ -2.89    2.288 -82.724] / [ 0.     0.    -0.623]
  90.0 | [-1.543  3.533  0.197] |    -7.6 | fresh  | [ 3.533 -1.543 -0.197] | [ 3.561 -1.555 -0.189] | [-1.555  3.561  0.189] | [-0.018  0.003 -0.01 ] | [0.296 0.47  1.037] |     0     0    0 |   0.0 | 0.000 |  6.5 | [  0.138   6.548 -78.374] | [ -2.853   2.293 -82.723] / [ 0.     0.    -0.623]
  90.2 | [-1.543  3.535  0.196] |    -7.6 | fresh  | [ 3.535 -1.543 -0.196] | [ 3.553 -1.552 -0.192] | [-1.552  3.553  0.192] | [-0.018  0.001 -0.01 ] | [0.296 0.47  1.037] |     0     0    0 |   0.0 | 0.000 |  6.5 | [  0.152   6.546 -78.359] | [ -2.852   2.304 -82.723] / [ 0.     0.    -0.623]
  90.4 | [-1.543  3.534  0.196] |    -7.5 | fresh  | [ 3.534 -1.543 -0.196] | [ 3.548 -1.551 -0.193] | [-1.551  3.548  0.193] | [-0.012  0.001 -0.007] | [0.296 0.47  1.037] |     0     0    0 |   0.0 | 0.000 |  6.5 | [  0.18    6.529 -78.316] | [ -2.902   2.327 -82.727] / [ 0.     0.    -0.623]
  90.6 | [-1.543  3.534  0.196] |    -7.4 | fresh  | [ 3.534 -1.543 -0.196] | [ 3.546 -1.55  -0.194] | [-1.55   3.546  0.194] | [-0.007 -0.001 -0.005] | [0.296 0.47  1.037] |     0     0    0 |   0.0 | 0.000 |  6.5 | [  0.203   6.52  -78.287] | [ -2.942   2.341 -82.729] / [ 0.     0.    -0.623]
  90.8 | [-1.543  3.534  0.196] |    -7.5 | fresh  | [ 3.534 -1.543 -0.196] | [ 3.544 -1.549 -0.195] | [-1.549  3.544  0.195] | [-0.007 -0.001 -0.007] | [0.296 0.47  1.037] |     0     0    0 |   0.0 | 0.000 |  6.5 | [  0.21    6.523 -78.278] | [ -2.944   2.346 -82.729] / [ 0.     0.    -0.623]
  91.0 | [-1.543  3.535  0.196] |    -7.1 | fresh  | [ 3.535 -1.543 -0.196] | [ 3.542 -1.548 -0.196] | [-1.548  3.542  0.196] | [-0.005 -0.001 -0.009] | [0.296 0.47  1.037] |     0     0    0 |   0.0 | 0.000 |  6.5 | [  0.217   6.518 -78.272] | [ -2.965   2.352 -82.73 ] / [ 0.     0.    -0.623]
  91.2 | [-1.543  3.533  0.197] |    -8.0 | fresh  | [ 3.533 -1.543 -0.197] | [ 3.541 -1.548 -0.197] | [-1.548  3.541  0.197] | [-0.002 -0.003 -0.008] | [0.296 0.47  1.037] |     0     0    0 |   0.0 | 0.000 |  6.5 | [  0.227   6.517 -78.242] | [ -2.994   2.368 -82.733] / [ 0.     0.    -0.623]
  91.4 | [-1.585  3.636  0.107] |   160.7 | fresh  | [ 3.636 -1.585 -0.107] | [ 3.54  -1.548 -0.198] | [-1.548  3.54   0.198] | [-0.004 -0.004 -0.009] | [0.296 0.47  1.037] |     0     0    0 |   0.0 | 0.000 |  6.5 | [  0.23    6.509 -78.198] | [ -2.975   2.384 -82.733] / [ 0.     0.    -0.623]
  91.6 | [-1.543  3.533  0.197] |    -7.7 | fresh  | [ 3.533 -1.543 -0.197] | [ 3.54  -1.549 -0.197] | [-1.549  3.54   0.197] | [-0.004 -0.006 -0.009] | [0.296 0.47  1.037] |     0     0    0 |   0.0 | 0.000 |  6.5 | [  0.229   6.512 -78.183] | [ -2.976   2.386 -82.733] / [ 0.     0.    -0.623]
  91.8 | [-1.543  3.534  0.197] |    -7.5 | fresh  | [ 3.534 -1.543 -0.197] | [ 3.544 -1.551 -0.193] | [-1.551  3.544  0.193] | [-0.001 -0.006 -0.007] | [0.296 0.47  1.037] |     0     0    0 |   0.0 | 0.000 |  6.5 | [  0.238   6.509 -78.175] | [ -3.018   2.4   -82.735] / [ 0.     0.    -0.623]
