
################ a1  DIRECT 11.72-78.09
x_c[48..50] - odom pos rms (m): [0.004 0.004 0.018]  -> world frame if ~0
mocap frozen runs >=2 samples (t, n, dur s, mocap yaw deg): [(55.07, 4, 0.095, -171.9), (75.51, 169, 2.839, 135.2), (78.36, 5, 0.106, 137.1), (80.56, 4, 0.089, 176.1), (80.66, 381, 6.372, 177.3)]
   NO DATA at 55.12: mocap yaw -171.9 deg, pos [0.169 0.472 1.032]
   NO DATA at 75.55: mocap yaw 135.2 deg, pos [0.516 0.213 1.066]
   NO DATA at 78.40: mocap yaw 137.1 deg, pos [0.51  0.23  1.065]
   NO DATA at 80.60: mocap yaw 176.1 deg, pos [-1.462  3.306  0.35 ]
   NO DATA at 80.70: mocap yaw 177.3 deg, pos [-1.546  3.42   0.213]

 t    | x_c-x_cd (mm) x y z | |ep| | e_y pos mm | hd err deg | |e_R| | tilt | u1  | d_t x y z | d_r x y z | motors min max | ref yaw(model) | mocap yaw | odom-mocap mm | vodom var
 12.2 |      1     -3     2 |    4 |  0.6  1.5  4.1 |  0.8 | 0.024 |  1.4 |  36.9 | [ 0.274 -0.299 -0.028] | [ 0.023 -0.011 -0.013] | 0.46 0.73 |  -91.4 |   -2.3 | [1.342 1.632 2.898] | [0. 0. 0.]
 13.2 |    -15     -2     2 |   15 |  0.2  4.8  2.8 |  0.8 | 0.040 |  1.4 |  37.1 | [ 0.401 -0.505 -0.255] | [ 0.044 -0.026 -0.04 ] | 0.46 0.74 |  -91.4 |   -3.3 | [0.931 4.98  3.355] | [0. 0. 0.]
 14.2 |    -21     14     4 |   25 |  0.3  4.6  3.0 |  0.6 | 0.034 |  1.1 |  37.1 | [ 0.415 -0.519 -0.337] | [ 0.053 -0.034 -0.055] | 0.47 0.73 |  -91.4 |   -2.9 | [2.036 2.556 4.904] | [0. 0. 0.]
 15.2 |    -18      9     6 |   21 |  0.4  3.0  3.4 |  0.6 | 0.024 |  1.2 |  37.2 | [ 0.431 -0.519 -0.386] | [ 0.056 -0.044 -0.066] | 0.48 0.72 |  -91.4 |   -2.4 | [2.509 8.204 3.742] | [0. 0. 0.]
 16.2 |    -12    -16     5 |   20 |  0.4  3.0  3.5 |  0.8 | 0.019 |  1.3 |  37.2 | [ 0.44  -0.546 -0.414] | [ 0.055 -0.041 -0.072] | 0.49 0.72 |  -91.4 |   -2.0 | [1.64  3.412 2.134] | [0. 0. 0.]
 17.2 |      2    -18     4 |   18 |  0.5  1.7  4.0 |  0.8 | 0.016 |  1.4 |  37.2 | [ 0.478 -0.545 -0.385] | [ 0.053 -0.037 -0.076] | 0.46 0.74 |  -91.4 |   -1.8 | [2.344 2.588 1.648] | [0. 0. 0.]
 18.2 |      8     -1     3 |    9 |  0.6  1.5  3.7 |  0.6 | 0.013 |  1.3 |  37.2 | [ 0.482 -0.492 -0.445] | [ 0.047 -0.038 -0.079] | 0.41 0.75 |  -91.4 |   -1.7 | [0.907 4.989 4.153] | [0. 0. 0.]
 19.2 |      4      3     6 |    8 |  0.5  0.3  3.4 |  0.7 | 0.015 |  1.3 |  37.2 | [ 0.464 -0.494 -0.413] | [ 0.042 -0.033 -0.081] | 0.41 0.77 |  -91.4 |   -1.6 | [2.595 3.401 3.288] | [0. 0. 0.]
 20.2 |     -5    -19     6 |   21 |  0.5  1.3  3.4 |  0.9 | 0.017 |  1.3 |  37.1 | [ 0.459 -0.525 -0.396] | [ 0.04  -0.025 -0.081] | 0.38 0.78 |  -91.4 |   -1.5 | [3.292 1.58  4.121] | [0. 0. 0.]
 21.2 |      3    -12     9 |   16 |  0.6  1.2  3.7 |  0.6 | 0.012 |  1.2 |  36.9 | [ 0.484 -0.487 -0.285] | [ 0.039 -0.021 -0.081] | 0.40 0.75 |  -91.4 |   -1.4 | [3.174 1.019 3.743] | [0. 0. 0.]
 22.2 |     11     -6     5 |   14 |  0.7  0.8  3.9 |  0.8 | 0.013 |  1.4 |  37.0 | [ 0.491 -0.499 -0.286] | [ 0.032 -0.021 -0.079] | 0.38 0.78 |  -91.4 |   -1.2 | [2.771 3.844 1.169] | [0. 0. 0.]
 23.2 |      2      6     2 |    7 |  0.7  1.1  3.5 |  0.5 | 0.014 |  1.1 |  37.3 | [ 0.511 -0.43  -0.36 ] | [ 0.033 -0.015 -0.079] | 0.39 0.78 |  -91.4 |   -1.3 | [4.428 3.894 1.457] | [0. 0. 0.]
 24.2 |     -6    -21     2 |   22 |  0.5  0.4  2.6 |  1.0 | 0.026 |  1.3 |  37.2 | [ 0.449 -0.518 -0.469] | [ 0.019 -0.003 -0.077] | 0.40 0.75 |  -91.4 |   -1.3 | [2.355 2.873 1.344] | [0. 0. 0.]
 25.2 |     15    -25     1 |   29 |  1.0  0.8  4.6 |  0.6 | 0.025 |  1.6 |  37.5 | [ 0.533 -0.471 -0.628] | [ 0.011  0.01  -0.075] | 0.45 0.72 |  -92.5 |   -2.3 | [2.887 1.377 0.715] | [0. 0. 0.]
 26.2 |      2    -15     2 |   16 |  9.5  2.7 14.1 |  0.5 | 0.024 |  1.6 |  37.4 | [ 0.482 -0.485 -0.593] | [ 0.02   0.009 -0.073] | 0.44 0.75 | -100.7 |  -10.3 | [4.362 1.773 1.3  ] | [0. 0. 0.]
 27.2 |    -48    -10    -5 |   49 |  8.7  4.9 16.2 |  1.1 | 0.045 |  1.8 |  37.9 | [ 0.236 -0.639 -0.892] | [ 0.038  0.006 -0.072] | 0.47 0.73 | -115.2 |  -24.7 | [8.749 4.1   1.974] | [0. 0. 0.]
 28.2 |    -11      5     1 |   12 |  4.5  5.7  4.7 |  0.2 | 0.028 |  1.0 |  37.5 | [ 0.201 -0.661 -0.874] | [ 0.019 -0.002 -0.072] | 0.47 0.72 | -132.0 |  -41.7 | [10.947  1.649  3.272] | [0. 0. 0.]
 29.2 |     31    -19     4 |   37 |  2.4  5.0  1.7 |  0.4 | 0.046 |  1.1 |  37.7 | [-0.042 -0.674 -0.881] | [-0.023 -0.018 -0.074] | 0.45 0.75 | -147.3 |  -57.1 | [4.62  0.667 1.136] | [0. 0. 0.]
 30.2 |     24    -32     3 |   40 |  2.4  4.4  1.6 |  0.4 | 0.032 |  1.2 |  37.7 | [-0.252 -0.639 -0.917] | [-0.053 -0.033 -0.075] | 0.47 0.73 | -157.2 |  -67.0 | [2.881 1.63  4.151] | [0. 0. 0.]
 31.2 |     34    -28     8 |   45 |  3.9  4.8  1.0 |  0.3 | 0.042 |  1.2 |  37.5 | [-0.244 -0.625 -0.851] | [-0.074 -0.046 -0.079] | 0.45 0.74 | -159.3 |  -69.3 | [1.558 1.974 4.786] | [0. 0. 0.]
 32.2 |     28    -23     4 |   37 |  3.8  4.5  1.2 |  0.4 | 0.020 |  1.2 |  38.0 | [-0.307 -0.636 -1.074] | [-0.085 -0.052 -0.082] | 0.46 0.75 | -159.3 |  -69.3 | [2.013 1.423 3.609] | [0. 0. 0.]
 33.2 |     20    -18     4 |   27 |  3.6  4.3  1.3 |  0.2 | 0.027 |  1.1 |  37.9 | [-0.256 -0.642 -1.145] | [-0.098 -0.056 -0.084] | 0.46 0.75 | -159.3 |  -69.3 | [3.185 2.203 2.863] | [0. 0. 0.]
 34.2 |     16    -22     4 |   27 |  2.2  3.9  1.4 |  0.3 | 0.026 |  1.3 |  38.0 | [-0.271 -0.628 -1.17 ] | [-0.116 -0.064 -0.086] | 0.43 0.75 | -159.3 |  -69.3 | [7.75  4.057 1.706] | [0. 0. 0.]
 35.2 |      3    -35    -0 |   35 |  1.7  4.0  0.8 |  0.5 | 0.027 |  1.4 |  38.1 | [-0.333 -0.646 -1.268] | [-0.134 -0.065 -0.088] | 0.43 0.76 | -159.3 |  -69.4 | [3.529 1.444 1.073] | [0. 0. 0.]
 36.2 |     14    -29     3 |   32 |  1.7  3.8  1.3 |  0.3 | 0.025 |  1.2 |  38.0 | [-0.25  -0.628 -1.231] | [-0.145 -0.062 -0.089] | 0.42 0.77 | -159.3 |  -69.3 | [4.706 4.471 2.823] | [0. 0. 0.]
 37.2 |      9    -20     3 |   22 |  1.1  3.2  1.7 |  0.5 | 0.014 |  1.1 |  38.1 | [-0.267 -0.637 -1.295] | [-0.141 -0.058 -0.091] | 0.39 0.79 | -158.4 |  -68.5 | [0.91  2.278 2.627] | [0. 0. 0.]
 38.2 |    -14     13     5 |   20 |  2.4  1.7  2.7 |  0.6 | 0.039 |  0.9 |  38.0 | [-0.252 -0.648 -1.286] | [-0.111 -0.054 -0.094] | 0.36 0.79 | -152.2 |  -62.4 | [3.741 1.73  3.946] | [0. 0. 0.]
 39.2 |    -59     38     3 |   71 |  1.4  1.4  3.7 |  0.9 | 0.082 |  1.0 |  38.3 | [-0.175 -0.667 -1.443] | [-0.058 -0.028 -0.097] | 0.39 0.79 | -139.4 |  -49.7 | [3.023 2.916 3.095] | [0. 0. 0.]
 40.2 |    -89     30     5 |   94 |  1.0  2.8  2.4 |  1.1 | 0.088 |  1.2 |  38.2 | [ 0.037 -0.654 -1.419] | [ 0.     0.002 -0.1  ] | 0.40 0.78 | -124.4 |  -34.7 | [3.679 1.099 2.738] | [0. 0. 0.]
 41.2 |   -101     -2     6 |  101 |  0.8  4.6  2.0 |  1.5 | 0.090 |  1.4 |  38.0 | [ 0.199 -0.642 -1.346] | [ 0.056  0.038 -0.099] | 0.40 0.77 | -109.4 |  -19.4 | [4.471 2.25  3.536] | [0. 0. 0.]
 42.2 |    -86    -20     4 |   88 |  2.5  2.8  0.8 |  1.3 | 0.063 |  1.4 |  38.3 | [ 0.339 -0.532 -1.451] | [ 0.098  0.053 -0.096] | 0.45 0.75 |  -94.4 |   -4.4 | [1.282 3.797 1.602] | [0. 0. 0.]
 43.2 |    -65     -5    -3 |   66 |  3.9  2.7  1.2 |  1.1 | 0.047 |  1.0 |  38.6 | [ 0.403 -0.401 -1.648] | [ 0.131  0.054 -0.093] | 0.43 0.76 |  -79.4 |   10.6 | [4.812 5.566 1.952] | [0. 0. 0.]
 44.2 |    -37     17    -1 |   41 |  3.8  0.9  1.6 |  1.0 | 0.035 |  1.4 |  38.3 | [ 0.523 -0.235 -1.652] | [ 0.151  0.039 -0.091] | 0.47 0.75 |  -64.4 |   25.5 | [3.958 7.494 1.537] | [0. 0. 0.]
 45.2 |    -34     46     5 |   58 |  2.5  2.7  1.1 |  0.5 | 0.048 |  1.3 |  38.2 | [ 0.574 -0.05  -1.478] | [ 0.17   0.018 -0.089] | 0.47 0.73 |  -49.4 |   40.4 | [11.741  3.728  3.28 ] | [0. 0. 0.]
 46.2 |    -63     30     6 |   70 |  3.1  3.7  1.8 |  0.5 | 0.046 |  1.0 |  38.1 | [ 0.495  0.04  -1.382] | [ 0.171  0.002 -0.088] | 0.47 0.75 |  -34.4 |   55.4 | [ 6.664 11.945  3.142] | [0. 0. 0.]
 47.2 |    -37     -2     5 |   37 |  1.0  4.9  0.8 |  0.9 | 0.019 |  1.3 |  38.2 | [ 0.568  0.092 -1.388] | [ 0.173 -0.008 -0.089] | 0.46 0.75 |  -19.4 |   70.2 | [5.882 4.26  3.203] | [0. 0. 0.]
 48.2 |    -10     15     1 |   18 |  1.1  4.5  1.2 |  0.7 | 0.023 |  1.2 |  38.4 | [ 0.505  0.323 -1.522] | [ 0.169 -0.006 -0.087] | 0.40 0.78 |   -4.3 |   85.3 | [1.455 4.609 2.133] | [0. 0. 0.]
 49.2 |     -8     32     1 |   33 |  0.6  4.8  0.9 |  0.9 | 0.025 |  1.2 |  38.6 | [ 0.4    0.431 -1.774] | [ 0.157  0.005 -0.086] | 0.44 0.76 |   10.7 |  100.4 | [3.853 1.456 4.534] | [0. 0. 0.]
 50.2 |    -13     32     6 |   35 |  1.4  4.3  1.3 |  0.8 | 0.022 |  1.2 |  38.3 | [ 0.241  0.547 -1.639] | [ 0.156  0.018 -0.084] | 0.41 0.77 |   25.7 |  115.5 | [5.734 2.462 1.595] | [0. 0. 0.]
 51.2 |     -6     19     2 |   20 |  2.5  4.0  0.8 |  0.8 | 0.014 |  1.2 |  38.3 | [ 0.071  0.614 -1.587] | [ 0.172  0.028 -0.081] | 0.41 0.77 |   40.7 |  130.5 | [1.52  2.072 0.635] | [0. 0. 0.]
 52.2 |     13     -7     3 |   15 |  3.6  2.8  0.4 |  1.0 | 0.025 |  1.3 |  38.2 | [-0.033  0.625 -1.45 ] | [ 0.191  0.02  -0.081] | 0.41 0.78 |   55.7 |  145.3 | [2.615 3.632 0.615] | [0. 0. 0.]
 53.2 |      3    -37    -0 |   38 |  4.0  1.1  1.4 |  0.5 | 0.041 |  1.0 |  38.5 | [-0.226  0.575 -1.57 ] | [ 0.202 -0.003 -0.08 ] | 0.39 0.78 |   70.7 |  160.4 | [3.642 2.656 0.656] | [0. 0. 0.]
 54.2 |    -15    -58    -3 |   60 |  3.2  1.5  1.8 |  0.4 | 0.057 |  1.0 |  38.8 | [-0.286  0.412 -1.882] | [ 0.192 -0.028 -0.08 ] | 0.44 0.76 |   85.7 |  106.4 | [1.955 2.503 2.181] | [0. 0. 0.]
 55.2 |    -25    -64    -3 |   69 |  1.6  1.9  3.3 |  0.5 | 0.054 |  1.3 |  39.0 | [-0.386  0.327 -2.175] | [ 0.177 -0.052 -0.083] | 0.38 0.80 |  100.7 | -169.9 | [9.679 3.429 1.068] | [0. 0. 0.]
 56.2 |    -35    -63     1 |   72 |  1.0  1.7  4.9 |  0.4 | 0.058 |  1.5 |  38.8 | [-0.539  0.141 -2.118] | [ 0.164 -0.064 -0.083] | 0.44 0.77 |  115.8 | -154.7 | [20.035  3.048  0.621] | [0. 0. 0.]
 57.2 |    -56    -57     4 |   80 |  3.4  2.1  6.9 |  0.6 | 0.053 |  1.6 |  38.5 | [-0.651  0.035 -1.867] | [ 0.148 -0.075 -0.081] | 0.44 0.76 |  130.8 | -139.6 | [6.218 5.356 1.241] | [0. 0. 0.]
 58.2 |    -16    -76     8 |   78 |  3.8  1.0  6.8 |  0.1 | 0.064 |  1.1 |  38.2 | [-0.611 -0.138 -1.582] | [ 0.124 -0.089 -0.08 ] | 0.47 0.74 |  145.8 | -124.6 | [5.187 8.508 3.03 ] | [0. 0. 0.]
 59.2 |     15    -90     4 |   91 |  2.3  3.4  7.3 |  0.4 | 0.068 |  1.1 |  38.5 | [-0.476 -0.357 -1.661] | [ 0.092 -0.092 -0.084] | 0.45 0.75 |  160.8 | -109.7 | [1.901 5.408 0.836] | [0. 0. 0.]
 60.2 |     18    -63     1 |   65 |  1.9  4.9  5.1 |  0.6 | 0.038 |  1.2 |  38.5 | [-0.466 -0.427 -1.767] | [ 0.075 -0.102 -0.09 ] | 0.49 0.75 |   96.6 |  -94.8 | [4.172 7.81  3.181] | [0. 0. 0.]
 61.2 |     20    -24     5 |   31 |  1.0  6.2  2.7 |  0.4 | 0.020 |  1.0 |  38.4 | [-0.328 -0.5   -1.705] | [ 0.074 -0.096 -0.097] | 0.44 0.75 | -169.2 |  -80.0 | [7.28  3.064 3.167] | [0. 0. 0.]
 62.2 |     15    -22    -0 |   27 |  2.8  7.9  3.3 |  0.5 | 0.028 |  1.3 |  38.9 | [-0.202 -0.653 -1.96 ] | [ 0.083 -0.076 -0.102] | 0.47 0.75 | -154.2 |  -65.0 | [2.633 3.236 2.696] | [0. 0. 0.]
 63.2 |    -42    -15     3 |   44 |  5.5  6.2  2.4 |  0.9 | 0.065 |  1.1 |  38.8 | [-0.126 -0.691 -2.071] | [ 0.106 -0.03  -0.106] | 0.45 0.76 | -139.2 |  -49.9 | [1.696 1.554 3.391] | [0. 0. 0.]
 64.2 |    -70    -37     4 |   79 |  7.7  5.9  3.2 |  1.4 | 0.068 |  1.7 |  38.9 | [ 0.014 -0.75  -2.166] | [ 0.122  0.016 -0.104] | 0.40 0.79 | -124.1 |  -34.5 | [7.261 1.341 2.31 ] | [0. 0. 0.]
 65.2 |    -27    -49     6 |   56 | 11.2  3.8  2.9 |  1.1 | 0.035 |  1.6 |  38.8 | [ 0.253 -0.713 -2.052] | [ 0.129  0.038 -0.1  ] | 0.38 0.80 | -109.1 |  -19.2 | [7.486 1.324 0.794] | [0. 0. 0.]
 66.2 |     10    -28     5 |   30 | 12.4  1.0  6.2 |  1.0 | 0.020 |  1.4 |  38.6 | [ 0.412 -0.6   -1.878] | [ 0.129  0.051 -0.097] | 0.36 0.80 |  -94.1 |   -4.2 | [4.886 2.543 0.649] | [0. 0. 0.]
 67.2 |      7      4     4 |    8 | 12.9  2.1  7.8 |  0.6 | 0.015 |  1.2 |  38.5 | [ 0.407 -0.468 -1.783] | [ 0.129  0.051 -0.095] | 0.39 0.79 |  -79.1 |   10.7 | [3.81  2.913 0.654] | [0. 0. 0.]
 68.2 |      4     21    -0 |   22 | 13.2  5.4  7.0 |  0.7 | 0.017 |  1.3 |  38.7 | [ 0.508 -0.275 -1.863] | [ 0.137  0.05  -0.095] | 0.42 0.79 |  -64.1 |   25.8 | [2.915 4.258 0.993] | [0. 0. 0.]
 69.2 |     -5     22     3 |   22 | 12.7  7.2  8.5 |  0.5 | 0.031 |  1.0 |  38.4 | [ 0.537 -0.152 -1.746] | [ 0.135  0.035 -0.092] | 0.36 0.80 |  -49.1 |   40.8 | [4.13  2.228 0.579] | [0. 0. 0.]
 70.2 |      5     62     2 |   63 | 13.4 10.9  5.7 |  0.5 | 0.074 |  1.6 |  38.4 | [ 0.642  0.057 -1.712] | [ 0.106  0.012 -0.089] | 0.43 0.76 |  -34.0 |   56.0 | [9.3   2.935 3.101] | [0. 0. 0.]
 71.2 |    -38     91     4 |   99 |  9.5 14.3  6.9 |  0.4 | 0.079 |  1.3 |  38.5 | [ 0.474  0.224 -1.717] | [ 0.086 -0.012 -0.089] | 0.41 0.78 |  -19.1 |   70.8 | [14.176  1.34   3.806] | [0. 0. 0.]
 72.2 |    -71     65     3 |   96 |  5.8 16.1  8.1 |  0.5 | 0.057 |  1.0 |  38.7 | [ 0.373  0.382 -1.801] | [ 0.077 -0.029 -0.089] | 0.45 0.76 |   -4.0 |   85.7 | [3.231 2.244 1.779] | [0. 0. 0.]
 73.2 |    -46     36    -5 |   59 |  3.0 17.2  8.5 |  0.2 | 0.039 |  1.2 |  39.0 | [ 0.367  0.499 -2.124] | [ 0.062 -0.038 -0.089] | 0.47 0.74 |   11.0 |  100.5 | [2.081 2.764 2.05 ] | [0. 0. 0.]
 74.2 |    -37     35     5 |   51 |  4.6 17.4  6.9 |  0.1 | 0.039 |  1.2 |  38.8 | [ 0.19  0.59 -2.09] | [ 0.045 -0.027 -0.09 ] | 0.48 0.73 |   26.0 |  115.3 | [3.504 1.304 4.801] | [0. 0. 0.]
 75.2 |    -19     37     8 |   42 |  7.8 15.5  7.7 |  0.5 | 0.024 |  1.4 |  38.6 | [ 0.077  0.652 -1.942] | [ 0.041 -0.014 -0.09 ] | 0.45 0.76 |   41.0 |  129.6 | [3.634 6.393 1.446] | [0. 0. 0.]
 76.2 |      9    -22     5 |   24 | 10.4 11.8 10.1 |  0.6 | 0.052 |  1.1 |  38.6 | [ 0.048  0.347 -1.867] | [ 0.043 -0.007 -0.089] | 0.44 0.76 |   56.0 |  135.2 | [23.127 37.14   1.757] | [0. 0. 0.]
 77.2 |     90   -127     4 |  156 | 11.4  6.2 13.4 |  0.8 | 0.117 |  1.0 |  38.8 | [ 0.126 -0.019 -1.937] | [ 0.073 -0.007 -0.09 ] | 0.43 0.77 |   71.0 |  135.2 | [29.066 48.812  2.846] | [0. 0. 0.]
 78.2 |     55    -72     2 |   90 |  6.7  3.8  8.1 |  1.1 | 0.067 |  1.7 |  14.2 | [ 0.093 -0.146 -0.727] | [ 0.039 -0.01  -0.032] | 0.00 0.77 |   81.4 |   59.5 | [315.4   579.387  38.08 ] | [0. 0. 0.]
 79.2 |      0      0     0 |    0 |  0.0  0.0  0.0 |  0.0 | 0.000 |  0.9 |   0.0 | [0. 0. 0.] | [0. 0. 0.] | 0.00 0.00 |    0.0 |  177.9 | [ 954.319 1655.065   68.933] | [0.01 0.01 0.  ]
 80.2 |      0      0     0 |    0 |  0.0  0.0  0.0 |  0.0 | 0.000 |  3.6 |   0.0 | [0. 0. 0.] | [0. 0. 0.] | 0.00 0.00 |    0.0 |  176.2 | [ 72.011 107.631  24.642] | [0.003 0.003 0.   ]

==== zoom 69.1 .. 80.1 s at 0.1 s: mocap pos (raw) | odom fused pos | PX4 EKF vel | x_cd | e_p mm | u1 | |e_R| | tilt | motors
 69.09 | [ 0.116 -0.529  1.062] | [ 0.113 -0.526  1.062] | [0.05  0.133 0.001] | [ 0.122 -0.542  1.037] |    -6    19    4 |  38.3 | 0.028 |  1.0 | [0.573 0.567 0.658 0.654]
 69.19 | [ 0.129 -0.523  1.061] | [ 0.125 -0.522  1.062] | [0.058 0.133 0.002] | [ 0.136 -0.538  1.037] |    -7    20    4 |  38.4 | 0.031 |  1.0 | [0.581 0.572 0.661 0.643]
 69.29 | [ 0.144 -0.519  1.061] | [ 0.139 -0.516  1.061] | [0.058 0.143 0.006] | [ 0.15  -0.535  1.037] |    -8    21    4 |  38.6 | 0.032 |  1.0 | [0.563 0.562 0.663 0.67 ]
 69.39 | [ 0.158 -0.51   1.06 ] | [ 0.152 -0.51   1.06 ] | [0.077 0.149 0.007] | [ 0.164 -0.53   1.037] |    -9    23    3 |  38.6 | 0.035 |  0.9 | [0.596 0.579 0.649 0.633]
 69.49 | [ 0.17  -0.503  1.059] | [ 0.168 -0.503  1.06 ] | [0.076 0.136 0.005] | [ 0.178 -0.526  1.037] |    -8    26    2 |  38.6 | 0.039 |  0.9 | [0.568 0.563 0.665 0.657]
 69.59 | [ 0.187 -0.493  1.059] | [ 0.184 -0.495  1.059] | [ 0.085  0.153 -0.003] | [ 0.192 -0.521  1.037] |    -6    29    1 |  38.6 | 0.044 |  0.9 | [0.576 0.567 0.66  0.656]
 69.69 | [ 0.203 -0.483  1.059] | [ 0.2   -0.486  1.059] | [0.1   0.154 0.002] | [ 0.206 -0.516  1.037] |    -3    33    1 |  38.6 | 0.050 |  1.0 | [0.573 0.565 0.664 0.657]
 69.79 | [ 0.219 -0.473  1.06 ] | [ 0.217 -0.476  1.058] | [ 0.114  0.176 -0.001] | [ 0.219 -0.51   1.037] |     1    37    1 |  38.6 | 0.055 |  1.3 | [0.578 0.578 0.657 0.651]
 69.89 | [ 0.233 -0.461  1.06 ] | [ 0.234 -0.465  1.058] | [ 0.13   0.173 -0.007] | [ 0.232 -0.504  1.037] |     4    42    1 |  38.5 | 0.065 |  1.5 | [0.578 0.575 0.66  0.649]
 69.99 | [ 0.249 -0.449  1.06 ] | [ 0.251 -0.452  1.059] | [ 0.121  0.154 -0.004] | [ 0.246 -0.498  1.037] |     8    48    1 |  38.4 | 0.070 |  1.6 | [0.572 0.572 0.664 0.649]
 70.09 | [ 0.26  -0.436  1.062] | [ 0.266 -0.439  1.06 ] | [ 0.121  0.142 -0.001] | [ 0.259 -0.491  1.037] |    10    55    2 |  38.4 | 0.071 |  1.6 | [0.565 0.563 0.657 0.665]
 70.19 | [ 0.273 -0.423  1.062] | [ 0.279 -0.426  1.06 ] | [0.123 0.133 0.   ] | [ 0.272 -0.484  1.038] |    10    61    2 |  38.4 | 0.075 |  1.6 | [0.581 0.569 0.662 0.643]
 70.29 | [ 0.282 -0.41   1.064] | [ 0.292 -0.412  1.061] | [ 0.126  0.117 -0.001] | [ 0.284 -0.477  1.038] |    10    67    2 |  38.4 | 0.081 |  1.6 | [0.569 0.572 0.661 0.649]
 70.39 | [ 0.291 -0.397  1.065] | [ 0.303 -0.398  1.061] | [ 0.143  0.105 -0.01 ] | [ 0.297 -0.469  1.038] |     9    74    3 |  38.3 | 0.084 |  1.6 | [0.575 0.579 0.651 0.648]
 70.49 | [ 0.3   -0.384  1.066] | [ 0.311 -0.385  1.062] | [0.118 0.091 0.003] | [ 0.309 -0.461  1.038] |     6    80    4 |  38.3 | 0.083 |  1.6 | [0.571 0.554 0.67  0.654]
 70.59 | [ 0.305 -0.371  1.067] | [ 0.319 -0.372  1.063] | [0.108 0.086 0.007] | [ 0.321 -0.453  1.038] |     1    84    4 |  38.4 | 0.079 |  1.4 | [0.573 0.577 0.655 0.651]
 70.69 | [ 0.309 -0.359  1.068] | [ 0.325 -0.36   1.063] | [0.123 0.076 0.004] | [ 0.333 -0.444  1.038] |    -5    88    5 |  38.4 | 0.081 |  1.4 | [0.571 0.57  0.661 0.653]
 70.79 | [ 0.314 -0.347  1.068] | [ 0.33  -0.349  1.063] | [ 0.118  0.069 -0.   ] | [ 0.344 -0.435  1.038] |   -12    90    5 |  38.4 | 0.087 |  1.3 | [0.573 0.571 0.663 0.649]
 70.89 | [ 0.319 -0.336  1.068] | [ 0.334 -0.337  1.064] | [0.092 0.069 0.007] | [ 0.356 -0.426  1.038] |   -19    92    5 |  38.4 | 0.080 |  1.2 | [0.569 0.557 0.666 0.663]
 70.99 | [ 0.324 -0.325  1.068] | [ 0.338 -0.327  1.064] | [0.099 0.062 0.007] | [ 0.367 -0.416  1.038] |   -26    93    5 |  38.5 | 0.078 |  1.0 | [0.586 0.572 0.655 0.649]
 71.09 | [ 0.328 -0.315  1.068] | [ 0.343 -0.317  1.064] | [0.072 0.061 0.013] | [ 0.377 -0.406  1.038] |   -32    94    5 |  38.5 | 0.078 |  0.8 | [0.58  0.577 0.661 0.643]
 71.19 | [ 0.333 -0.305  1.067] | [ 0.348 -0.307  1.063] | [0.072 0.075 0.017] | [ 0.388 -0.396  1.038] |   -38    94    5 |  38.7 | 0.076 |  0.9 | [0.565 0.572 0.665 0.664]
 71.29 | [ 0.338 -0.296  1.066] | [ 0.353 -0.297  1.063] | [0.084 0.069 0.012] | [ 0.398 -0.386  1.038] |   -43    94    4 |  38.7 | 0.078 |  0.9 | [0.581 0.576 0.664 0.649]
 71.39 | [ 0.344 -0.288  1.066] | [ 0.358 -0.288  1.062] | [0.086 0.065 0.011] | [ 0.408 -0.375  1.038] |   -49    92    3 |  38.7 | 0.080 |  0.8 | [0.565 0.566 0.673 0.656]
 71.49 | [ 0.349 -0.279  1.066] | [ 0.362 -0.279  1.062] | [0.074 0.073 0.004] | [ 0.418 -0.364  1.038] |   -54    90    3 |  38.4 | 0.078 |  0.8 | [0.568 0.568 0.663 0.656]
 71.59 | [ 0.355 -0.271  1.066] | [ 0.366 -0.271  1.063] | [ 0.084  0.065 -0.003] | [ 0.427 -0.353  1.038] |   -60    87    4 |  38.3 | 0.078 |  0.8 | [0.566 0.561 0.665 0.656]
 71.69 | [ 0.36  -0.262  1.066] | [ 0.37  -0.263  1.064] | [0.068 0.071 0.001] | [ 0.436 -0.342  1.038] |   -65    84    5 |  38.2 | 0.076 |  0.7 | [0.571 0.57  0.657 0.648]
 71.79 | [ 0.367 -0.255  1.066] | [ 0.374 -0.254  1.065] | [0.102 0.067 0.   ] | [ 0.445 -0.33   1.038] |   -70    81    6 |  38.3 | 0.079 |  0.6 | [0.564 0.561 0.665 0.66 ]
 71.89 | [ 0.374 -0.246  1.066] | [ 0.379 -0.245  1.065] | [0.087 0.073 0.007] | [ 0.454 -0.318  1.038] |   -74    79    6 |  38.3 | 0.077 |  0.6 | [0.585 0.569 0.663 0.64 ]
 71.99 | [ 0.383 -0.239  1.065] | [ 0.386 -0.236  1.065] | [0.066 0.082 0.016] | [ 0.462 -0.306  1.038] |   -76    76    6 |  38.5 | 0.069 |  0.7 | [0.564 0.572 0.661 0.664]
 72.09 | [ 0.392 -0.23   1.064] | [ 0.394 -0.227  1.064] | [0.073 0.092 0.015] | [ 0.47  -0.294  1.038] |   -76    72    5 |  38.6 | 0.060 |  0.8 | [0.569 0.568 0.663 0.661]
 72.19 | [ 0.403 -0.223  1.062] | [ 0.403 -0.219  1.063] | [0.083 0.091 0.019] | [ 0.477 -0.282  1.038] |   -75    67    4 |  38.7 | 0.052 |  0.8 | [0.573 0.568 0.667 0.659]
 72.29 | [ 0.41  -0.214  1.06 ] | [ 0.412 -0.211  1.062] | [0.091 0.097 0.013] | [ 0.485 -0.269  1.038] |   -73    63    3 |  38.8 | 0.047 |  0.7 | [0.567 0.567 0.672 0.664]
 72.39 | [ 0.422 -0.206  1.058] | [ 0.421 -0.204  1.061] | [0.095 0.101 0.009] | [ 0.491 -0.256  1.039] |   -70    58    2 |  38.8 | 0.047 |  0.9 | [0.582 0.583 0.66  0.648]
 72.49 | [ 0.433 -0.198  1.056] | [ 0.432 -0.195  1.059] | [0.082 0.112 0.019] | [ 0.498 -0.243  1.039] |   -67    53   -0 |  39.0 | 0.043 |  1.0 | [0.574 0.574 0.674 0.656]
 72.59 | [ 0.443 -0.189  1.055] | [ 0.442 -0.187  1.057] | [0.116 0.091 0.016] | [ 0.504 -0.23   1.039] |   -63    48   -2 |  39.1 | 0.043 |  1.0 | [0.578 0.57  0.67  0.664]
 72.69 | [ 0.453 -0.179  1.054] | [ 0.451 -0.177  1.055] | [0.088 0.093 0.015] | [ 0.51  -0.217  1.039] |   -60    45   -4 |  39.2 | 0.044 |  1.0 | [0.586 0.581 0.67  0.651]
 72.79 | [ 0.461 -0.169  1.053] | [ 0.46  -0.165  1.054] | [0.101 0.082 0.001] | [ 0.516 -0.203  1.039] |   -56    42   -5 |  39.0 | 0.047 |  1.1 | [0.568 0.571 0.674 0.665]
 72.89 | [ 0.469 -0.158  1.053] | [ 0.468 -0.154  1.054] | [0.098 0.066 0.003] | [ 0.521 -0.189  1.039] |   -53    40   -5 |  39.0 | 0.047 |  1.1 | [0.585 0.577 0.667 0.653]
 72.99 | [ 0.476 -0.146  1.053] | [ 0.475 -0.142  1.054] | [0.113 0.062 0.   ] | [ 0.525 -0.176  1.039] |   -51    38   -5 |  39.0 | 0.045 |  1.0 | [0.578 0.573 0.668 0.661]
 73.09 | [ 0.483 -0.133  1.053] | [ 0.481 -0.13   1.054] | [0.134 0.056 0.002] | [ 0.53  -0.162  1.039] |   -50    37   -6 |  39.1 | 0.044 |  0.9 | [0.579 0.576 0.668 0.659]
 73.19 | [ 0.49  -0.12   1.054] | [ 0.487 -0.117  1.054] | [0.135 0.068 0.003] | [ 0.534 -0.148  1.039] |   -48    35   -6 |  39.0 | 0.039 |  0.9 | [0.58  0.575 0.666 0.66 ]
 73.29 | [ 0.495 -0.107  1.056] | [ 0.494 -0.105  1.054] | [ 0.149  0.055 -0.003] | [ 0.538 -0.134  1.039] |   -45    34   -5 |  39.0 | 0.036 |  0.9 | [0.575 0.568 0.672 0.665]
 73.39 | [ 0.5   -0.094  1.057] | [ 0.5   -0.091  1.055] | [ 0.133  0.073 -0.004] | [ 0.541 -0.12   1.039] |   -43    33   -5 |  39.0 | 0.032 |  1.0 | [0.577 0.572 0.668 0.662]
 73.49 | [ 0.505 -0.08   1.058] | [ 0.506 -0.077  1.056] | [ 0.152  0.062 -0.009] | [ 0.544 -0.106  1.039] |   -39    32   -4 |  39.0 | 0.033 |  1.0 | [0.581 0.57  0.67  0.658]
 73.59 | [ 0.509 -0.065  1.06 ] | [ 0.512 -0.063  1.056] | [ 0.15   0.046 -0.006] | [ 0.546 -0.091  1.039] |   -36    32   -3 |  39.0 | 0.032 |  1.2 | [0.574 0.576 0.669 0.661]
 73.69 | [ 0.512 -0.051  1.062] | [ 0.516 -0.049  1.057] | [ 0.165  0.033 -0.009] | [ 0.549 -0.077  1.039] |   -34    32   -2 |  38.9 | 0.035 |  1.2 | [0.578 0.574 0.666 0.658]
 73.79 | [ 0.514 -0.036  1.064] | [ 0.519 -0.035  1.059] | [ 0.141  0.031 -0.003] | [ 0.551 -0.062  1.039] |   -33    32   -1 |  38.8 | 0.039 |  1.2 | [0.569 0.565 0.674 0.665]
 73.89 | [ 0.515 -0.021  1.066] | [ 0.52 -0.02  1.06] | [ 0.131  0.03  -0.011] | [ 0.552 -0.048  1.039] |   -33    32    1 |  38.7 | 0.042 |  1.2 | [0.58  0.565 0.665 0.659]
 73.99 | [ 0.516 -0.005  1.068] | [ 0.521 -0.005  1.062] | [ 0.153  0.007 -0.005] | [ 0.553 -0.034  1.039] |   -34    33    2 |  38.6 | 0.044 |  1.0 | [0.57  0.567 0.665 0.662]
 74.09 | [0.516 0.012 1.07 ] | [0.519 0.011 1.064] | [ 0.167 -0.01  -0.003] | [ 0.554 -0.019  1.039] |   -36    34    4 |  38.6 | 0.045 |  1.0 | [0.578 0.569 0.659 0.658]
 74.19 | [0.515 0.027 1.071] | [0.518 0.027 1.066] | [ 0.155 -0.001  0.001] | [ 0.554 -0.005  1.039] |   -38    35    6 |  38.6 | 0.045 |  1.1 | [0.568 0.565 0.665 0.666]
 74.29 | [0.516 0.043 1.071] | [0.516 0.042 1.067] | [0.149 0.001 0.002] | [0.554 0.01  1.039] |   -40    36    7 |  38.7 | 0.042 |  1.1 | [0.575 0.564 0.665 0.664]
 74.39 | [0.516 0.059 1.071] | [0.516 0.058 1.067] | [ 0.157 -0.01   0.01 ] | [0.554 0.024 1.039] |   -41    37    8 |  38.8 | 0.037 |  1.2 | [0.574 0.57  0.665 0.663]
 74.49 | [0.518 0.075 1.071] | [0.516 0.073 1.067] | [ 0.153 -0.003  0.013] | [0.553 0.039 1.039] |   -40    38    8 |  38.9 | 0.034 |  1.2 | [0.581 0.568 0.668 0.66 ]
 74.59 | [0.519 0.09  1.069] | [0.517 0.088 1.066] | [0.133 0.024 0.017] | [0.551 0.053 1.039] |   -38    39    7 |  39.0 | 0.032 |  1.1 | [0.575 0.572 0.668 0.665]
 74.69 | [0.521 0.104 1.069] | [0.518 0.103 1.066] | [0.13  0.03  0.006] | [0.55  0.068 1.039] |   -35    39    7 |  38.9 | 0.032 |  1.2 | [0.577 0.57  0.667 0.662]
 74.79 | [0.522 0.118 1.068] | [0.52  0.119 1.066] | [0.142 0.014 0.008] | [0.548 0.082 1.039] |   -31    40    7 |  38.8 | 0.030 |  1.2 | [0.574 0.57  0.667 0.661]
 74.89 | [0.524 0.132 1.068] | [0.522 0.133 1.066] | [0.143 0.004 0.006] | [0.546 0.096 1.039] |   -27    41    7 |  38.7 | 0.029 |  1.2 | [0.576 0.568 0.662 0.659]
 74.99 | [0.525 0.146 1.069] | [0.523 0.148 1.067] | [0.136 0.015 0.   ] | [0.543 0.111 1.039] |   -24    40    7 |  38.5 | 0.028 |  1.3 | [0.573 0.571 0.663 0.656]
 75.09 | [0.525 0.16  1.069] | [0.523 0.161 1.068] | [ 0.134  0.003 -0.004] | [0.54  0.125 1.039] |   -20    40    8 |  38.4 | 0.026 |  1.3 | [0.569 0.563 0.665 0.66 ]
 75.19 | [0.524 0.173 1.069] | [0.523 0.174 1.068] | [ 0.134 -0.028  0.002] | [0.536 0.139 1.039] |   -17    39    9 |  38.4 | 0.021 |  1.3 | [0.575 0.571 0.662 0.654]
 75.29 | [0.522 0.186 1.069] | [0.521 0.186 1.068] | [ 0.12  -0.022  0.007] | [0.533 0.153 1.039] |   -15    37    9 |  38.5 | 0.021 |  1.4 | [0.574 0.569 0.663 0.656]
 75.39 | [0.519 0.198 1.068] | [0.519 0.198 1.068] | [ 0.11  -0.017  0.008] | [0.528 0.167 1.039] |   -13    35    9 |  38.6 | 0.022 |  1.3 | [0.577 0.566 0.661 0.661]
 75.49 | [0.516 0.211 1.066] | [0.515 0.211 1.067] | [ 0.112 -0.041  0.014] | [0.524 0.181 1.038] |   -12    33    8 |  38.6 | 0.022 |  1.1 | [0.578 0.569 0.666 0.655]
 75.59 | [0.516 0.213 1.066] | [0.511 0.223 1.066] | [ 0.122 -0.064  0.012] | [0.519 0.194 1.038] |   -12    32    7 |  38.6 | 0.020 |  1.1 | [0.575 0.575 0.656 0.66 ]
 75.69 | [0.516 0.213 1.066] | [0.505 0.235 1.065] | [ 0.118 -0.061  0.011] | [0.514 0.208 1.038] |   -12    30    6 |  38.7 | 0.020 |  1.1 | [0.578 0.569 0.668 0.654]
 75.79 | [0.516 0.213 1.066] | [0.5   0.246 1.064] | [ 0.114 -0.054  0.015] | [0.508 0.221 1.038] |   -12    28    5 |  38.8 | 0.021 |  1.1 | [0.575 0.567 0.665 0.665]
 75.89 | [0.516 0.213 1.066] | [0.495 0.254 1.063] | [ 0.111 -0.076  0.008] | [0.502 0.234 1.038] |   -11    23    4 |  38.7 | 0.014 |  1.0 | [0.578 0.567 0.668 0.656]
 75.99 | [0.516 0.213 1.066] | [0.492 0.257 1.063] | [ 0.091 -0.075  0.006] | [0.496 0.247 1.038] |    -8    14    4 |  38.6 | 0.016 |  1.0 | [0.572 0.573 0.66  0.661]
 76.09 | [0.516 0.213 1.066] | [0.49  0.257 1.064] | [ 0.071 -0.054 -0.002] | [0.49  0.26  1.038] |    -4     1    5 |  38.5 | 0.030 |  0.9 | [0.569 0.563 0.666 0.659]
 76.19 | [0.516 0.213 1.066] | [0.49  0.255 1.064] | [ 0.048 -0.025  0.008] | [0.483 0.273 1.038] |     2   -13    5 |  38.6 | 0.049 |  0.7 | [0.574 0.568 0.664 0.657]
 76.29 | [0.516 0.213 1.066] | [0.49  0.251 1.064] | [ 0.046 -0.059  0.005] | [0.475 0.285 1.038] |    10   -30    5 |  38.5 | 0.066 |  0.4 | [0.568 0.566 0.662 0.664]
 76.39 | [0.516 0.213 1.066] | [0.491 0.247 1.064] | [ 0.051 -0.044  0.011] | [0.468 0.298 1.038] |    19   -47    5 |  38.6 | 0.078 |  0.4 | [0.588 0.573 0.654 0.649]
 76.49 | [0.516 0.213 1.066] | [0.493 0.244 1.064] | [ 0.067 -0.045  0.004] | [0.46  0.31  1.038] |    28   -62    5 |  38.6 | 0.082 |  0.7 | [0.562 0.558 0.668 0.673]
 76.59 | [0.516 0.213 1.066] | [0.494 0.243 1.064] | [ 0.076 -0.046  0.002] | [0.452 0.322 1.038] |    37   -75    5 |  38.5 | 0.087 |  0.8 | [0.579 0.57  0.66  0.651]
 76.69 | [0.516 0.213 1.066] | [0.494 0.245 1.064] | [ 0.096 -0.067  0.004] | [0.443 0.333 1.038] |    46   -87    5 |  38.5 | 0.091 |  0.9 | [0.568 0.566 0.661 0.666]
 76.79 | [0.516 0.213 1.066] | [0.495 0.248 1.064] | [ 0.109 -0.045  0.014] | [0.434 0.345 1.038] |    55   -95    5 |  38.7 | 0.090 |  1.0 | [0.582 0.568 0.665 0.653]
 76.89 | [0.516 0.213 1.066] | [0.495 0.252 1.063] | [ 0.133 -0.037  0.019] | [0.425 0.356 1.038] |    64  -102    4 |  38.9 | 0.090 |  1.0 | [0.568 0.567 0.665 0.671]
 76.99 | [0.516 0.213 1.066] | [0.494 0.258 1.062] | [ 0.141 -0.057  0.014] | [0.416 0.367 1.038] |    73  -107    3 |  38.9 | 0.093 |  0.9 | [0.58  0.582 0.661 0.654]
 77.09 | [0.516 0.213 1.066] | [0.493 0.263 1.061] | [ 0.137 -0.072  0.014] | [0.406 0.378 1.038] |    81  -113    3 |  38.9 | 0.102 |  0.7 | [0.564 0.576 0.666 0.667]
 77.19 | [0.516 0.213 1.066] | [0.491 0.267 1.062] | [ 0.146 -0.078  0.004] | [0.396 0.388 1.038] |    89  -120    3 |  38.8 | 0.106 |  0.9 | [0.576 0.576 0.665 0.651]
 77.29 | [0.516 0.213 1.066] | [0.488 0.269 1.062] | [ 0.138 -0.092  0.001] | [0.386 0.399 1.038] |    97  -128    4 |  38.7 | 0.115 |  0.9 | [0.562 0.569 0.666 0.667]
 77.39 | [0.516 0.213 1.066] | [0.484 0.269 1.063] | [ 0.125 -0.101  0.007] | [0.375 0.408 1.038] |   104  -138    5 |  38.6 | 0.128 |  0.9 | [0.574 0.576 0.662 0.652]
 77.49 | [0.516 0.213 1.066] | [0.481 0.267 1.064] | [ 0.106 -0.106  0.003] | [0.365 0.418 1.038] |   111  -149    5 |  38.6 | 0.143 |  0.8 | [0.559 0.576 0.663 0.664]
 77.59 | [0.516 0.213 1.066] | [0.478 0.264 1.064] | [ 0.1   -0.11  -0.001] | [0.354 0.428 1.038] |   119  -161    6 |  38.6 | 0.156 |  0.8 | [0.565 0.575 0.662 0.661]
 77.69 | [0.516 0.213 1.066] | [0.475 0.261 1.064] | [ 0.107 -0.108  0.012] | [0.343 0.437 1.037] |   127  -174    6 |  38.8 | 0.165 |  1.0 | [0.564 0.575 0.661 0.664]
 77.79 | [0.516 0.213 1.066] | [0.473 0.258 1.064] | [ 0.1   -0.125  0.006] | [0.331 0.445 1.037] |   137  -186    6 |  38.9 | 0.175 |  1.1 | [0.571 0.586 0.658 0.655]
 77.89 | [0.516 0.213 1.066] | [0.472 0.256 1.063] | [ 0.11  -0.107  0.009] | [0.319 0.454 1.037] |   147  -197    5 |  38.9 | 0.185 |  1.3 | [0.577 0.589 0.66  0.65 ]
 77.99 | [0.516 0.213 1.066] | [0.472 0.255 1.063] | [ 0.112 -0.111 -0.003] | [0.308 0.462 1.037] |   159  -206    5 |  38.8 | 0.191 |  1.6 | [0.569 0.578 0.66  0.662]
 78.09 | [0.516 0.213 1.066] | [0.471 0.255 1.064] | [ 0.117 -0.094 -0.001] | [0.131 0.206 0.456] |    73   -93    3 |  17.0 | 0.085 |  1.7 | [0.251 0.255 0.294 0.284]
 78.19 | [0.516 0.213 1.066] | [0.47  0.256 1.065] | [ 0.125 -0.137  0.001] | [0. 0. 0.] |     0     0    0 |   0.0 | 0.000 |  1.7 | [0. 0. 0. 0.]
 78.29 | [0.516 0.213 1.066] | [0.47  0.258 1.064] | [ 0.13  -0.095  0.029] | [0. 0. 0.] |     0     0    0 |   0.0 | 0.000 |  1.7 | [0. 0. 0. 0.]
 78.39 | [0.51  0.23  1.065] | [0.473 0.26  1.06 ] | [ 0.124 -0.106  0.054] | [0. 0. 0.] |     0     0    0 |   0.0 | 0.000 |  1.2 | [0. 0. 0. 0.]
 78.49 | [-0.093  1.328  0.982] | [0.476 0.259 1.053] | [ 0.094 -0.077  0.099] | [0. 0. 0.] |     0     0    0 |   0.0 | 0.000 |  1.2 | [0. 0. 0. 0.]
 78.59 | [-0.142  1.407  0.967] | [0.48  0.256 1.043] | [ 0.081 -0.051  0.131] | [0. 0. 0.] |     0     0    0 |   0.0 | 0.000 |  1.3 | [0. 0. 0. 0.]
 78.69 | [-0.194  1.487  0.95 ] | [0.486 0.25  1.031] | [ 0.043 -0.043  0.147] | [0. 0. 0.] |     0     0    0 |   0.0 | 0.000 |  1.2 | [0. 0. 0. 0.]
 78.79 | [-0.248  1.567  0.93 ] | [0.49  0.242 1.015] | [ 0.013 -0.055  0.166] | [0. 0. 0.] |     0     0    0 |   0.0 | 0.000 |  0.9 | [0. 0. 0. 0.]
 78.89 | [-0.302  1.647  0.909] | [0.493 0.234 0.994] | [-0.01  -0.038  0.184] | [0. 0. 0.] |     0     0    0 |   0.0 | 0.000 |  0.8 | [0. 0. 0. 0.]
 78.99 | [-0.359  1.729  0.886] | [0.495 0.227 0.97 ] | [-0.023 -0.043  0.189] | [0. 0. 0.] |     0     0    0 |   0.0 | 0.000 |  0.4 | [0. 0. 0. 0.]
 79.09 | [-0.416  1.813  0.863] | [0.494 0.22  0.943] | [-0.028 -0.036  0.197] | [0. 0. 0.] |     0     0    0 |   0.0 | 0.000 |  0.3 | [0. 0. 0. 0.]
 79.19 | [-0.477  1.899  0.84 ] | [0.493 0.214 0.915] | [-0.043 -0.043  0.192] | [0. 0. 0.] |     0     0    0 |   0.0 | 0.000 |  0.4 | [0. 0. 0. 0.]
 79.29 | [-0.538  1.987  0.82 ] | [0.49  0.209 0.886] | [-0.028 -0.02   0.19 ] | [0. 0. 0.] |     0     0    0 |   0.0 | 0.000 |  0.5 | [0. 0. 0. 0.]
 79.39 | [-0.602  2.079  0.8  ] | [0.486 0.206 0.857] | [-0.037 -0.033  0.179] | [0. 0. 0.] |     0     0    0 |   0.0 | 0.000 |  0.5 | [0. 0. 0. 0.]
 79.49 | [-0.668  2.173  0.783] | [0.482 0.204 0.829] | [-0.031 -0.015  0.165] | [0. 0. 0.] |     0     0    0 |   0.0 | 0.000 |  0.5 | [0. 0. 0. 0.]
 79.59 | [-0.735  2.27   0.768] | [0.477 0.204 0.804] | [-0.032 -0.053  0.152] | [0. 0. 0.] |     0     0    0 |   0.0 | 0.000 |  0.6 | [0. 0. 0. 0.]
 79.69 | [-0.805  2.371  0.756] | [-0.665  2.157  0.781] | [ 0.967 -0.669  0.117] | [0. 0. 0.] |     0     0    0 |   0.0 | 0.000 |  0.6 | [0. 0. 0. 0.]
 79.79 | [-0.876  2.473  0.745] | [-0.753  2.286  0.763] | [ 0.967 -0.673  0.095] | [0. 0. 0.] |     0     0    0 |   0.0 | 0.000 |  0.5 | [0. 0. 0. 0.]
 79.89 | [-0.949  2.578  0.737] | [-0.853  2.434  0.748] | [ 0.951 -0.664  0.093] | [0. 0. 0.] |     0     0    0 |   0.0 | 0.000 |  0.3 | [0. 0. 0. 0.]
 79.99 | [-1.023  2.684  0.73 ] | [-0.947  2.572  0.736] | [ 0.956 -0.674  0.097] | [0. 0. 0.] |     0     0    0 |   0.0 | 0.000 |  0.3 | [0. 0. 0. 0.]

PX4 vehicle_odometry during freeze 75-79 s: pos variance min/max [0. 0. 0.] [0. 0. 0.]  vel var max [0.001 0.001 0.001]  reset_counter uniq [13.]  quality uniq [0.]
   esf cs_ev_pos 74-80 s: [1. 1. 1. 1. 1. 1.]
   esf cs_ev_vel 74-80 s: [1. 1. 1. 1. 1. 1.]
   esf cs_ev_yaw 74-80 s: [1. 1. 1. 1. 1. 1.]
   esf cs_ev_hgt 74-80 s: [1. 1. 1. 1. 1. 1.]
   esf cs_inertial_dead_reckoning 74-80 s: [0. 0. 0. 0. 0. 0.]
   EV input to PX4 during 75.3-78.6: n=216, identical consecutive samples 81%, rate 65 Hz
   mocap frozen at [0.516 0.213 1.066] yaw 135.2; first fresh sample at 78.40: [0.51  0.23  1.065] -> jump 18 mm ; mocap twist at re-acq [0. 0. 0.]
   fused odom 75.5 -> 78.1: [0.515 0.212 1.067] -> [0.471 0.255 1.064] (moved 62 mm) ; reference x_cd moved 0.227 x
   x_cd 75.5->78.1: [0.523 0.184 1.038] -> [0.296 0.47  1.037]  |d| mm 364.73294158398176
   at re-acq 78.40: fused odom [0.473 0.26  1.06 ] vs fresh mocap [0.51  0.23  1.065] -> estimate error 48 mm
   55 s episode: mocap dt max 45 ms, identical runs: [(55.07, 4, 0.095, -171.9)]  odom-mocap diff max 54-57 s: [25.154  6.02   3.272] mm

################ a2  DIRECT 6.97-57.81
x_c[48..50] - odom pos rms (m): [0.005 0.004 0.018]  -> world frame if ~0
mocap frozen runs >=2 samples (t, n, dur s, mocap yaw deg): [(0.68, 4, 0.086, -0.1), (0.77, 3, 0.082, 0.2), (37.19, 4, 0.095, 139.1), (66.92, 158, 2.664, -45.0)]
   NO DATA at -0.08: mocap yaw 0.0 deg, pos [-0.591 -0.107  0.401]
   NO DATA at 9.92: mocap yaw 0.0 deg, pos [-0.399 -0.21   0.956]
   NO DATA at 9.92: mocap yaw 0.0 deg, pos [-0.399 -0.21   0.956]
   NO DATA at 37.24: mocap yaw 139.1 deg, pos [0.518 0.165 1.008]
   NO DATA at 66.97: mocap yaw -45.0 deg, pos [-0.551 -0.195  0.456]

 t    | x_c-x_cd (mm) x y z | |ep| | e_y pos mm | hd err deg | |e_R| | tilt | u1  | d_t x y z | d_r x y z | motors min max | ref yaw(model) | mocap yaw | odom-mocap mm | vodom var
  7.5 |     -7      8    -6 |   12 |  0.6  3.2  3.1 |  0.8 | 0.036 |  1.3 |  38.1 | [ 0.385 -0.297 -0.598] | [ 0.012 -0.022 -0.017] | 0.41 0.79 |  -88.6 |    0.9 | [4.414 2.033 2.082] | [0. 0. 0.]
  8.5 |      2      0   -17 |   17 |  0.5  3.3  2.7 |  1.0 | 0.064 |  1.4 |  39.0 | [ 0.471 -0.614 -1.906] | [-0.009 -0.033 -0.067] | 0.43 0.80 |  -88.6 |   -1.3 | [3.624 1.858 0.979] | [0. 0. 0.]
  9.5 |     39     -8    -6 |   40 |  0.8  5.4  4.1 |  0.9 | 0.066 |  1.6 |  39.1 | [ 0.568 -0.631 -2.308] | [-0.039 -0.028 -0.096] | 0.44 0.77 |  -88.6 |   -0.5 | [2.775 1.985 2.86 ] | [0. 0. 0.]
 10.5 |     61     -0     6 |   61 |  0.9  4.7  4.5 |  0.7 | 0.055 |  1.6 |  38.9 | [ 0.621 -0.599 -2.259] | [-0.068 -0.021 -0.113] | 0.44 0.78 |  -88.6 |    0.5 | [5.021 2.549 3.454] | [0. 0. 0.]
 11.5 |     44      7     7 |   45 |  0.7  3.3  3.3 |  0.8 | 0.036 |  1.3 |  38.8 | [ 0.587 -0.586 -2.107] | [-0.091 -0.02  -0.122] | 0.42 0.78 |  -88.6 |    1.2 | [5.42  1.429 1.321] | [0. 0. 0.]
 12.5 |     32      3     2 |   33 |  0.7  3.0  3.5 |  1.0 | 0.030 |  1.6 |  39.1 | [ 0.605 -0.627 -2.209] | [-0.105 -0.019 -0.128] | 0.41 0.79 |  -88.6 |    1.5 | [3.911 4.758 4.817] | [0. 0. 0.]
 13.5 |     41     22     8 |   47 |  0.8  1.8  4.1 |  0.7 | 0.036 |  1.5 |  38.9 | [ 0.646 -0.56  -2.22 ] | [-0.118 -0.021 -0.133] | 0.42 0.79 |  -88.6 |    1.5 | [3.631 5.218 5.699] | [0. 0. 0.]
 14.5 |     33     17     7 |   38 |  0.8  2.6  3.9 |  0.9 | 0.020 |  1.5 |  39.0 | [ 0.639 -0.611 -2.203] | [-0.128 -0.02  -0.135] | 0.42 0.78 |  -88.6 |    1.7 | [1.001 0.964 2.248] | [0. 0. 0.]
 15.5 |     17     -1     3 |   17 |  0.7  1.4  3.5 |  0.9 | 0.014 |  1.4 |  39.0 | [ 0.632 -0.605 -2.253] | [-0.135 -0.015 -0.138] | 0.42 0.79 |  -88.6 |    1.8 | [0.655 5.938 0.711] | [0. 0. 0.]
 16.5 |      6    -22     3 |   23 |  1.1  2.7  2.9 |  1.0 | 0.023 |  1.7 |  39.1 | [ 0.611 -0.657 -2.285] | [-0.133 -0.008 -0.138] | 0.46 0.75 |  -89.8 |    0.8 | [1.41  6.221 2.804] | [0. 0. 0.]
 17.5 |    -16    -35     4 |   39 | 11.6  4.5 19.5 |  1.1 | 0.047 |  2.4 |  39.3 | [ 0.588 -0.769 -2.366] | [-0.107  0.    -0.134] | 0.45 0.76 |  -99.7 |   -8.6 | [2.447 6.077 4.186] | [0. 0. 0.]
 18.5 |    -40    -11     5 |   42 |  6.9  3.2 12.7 |  0.8 | 0.028 |  1.5 |  39.2 | [ 0.401 -0.762 -2.42 ] | [-0.11   0.012 -0.13 ] | 0.42 0.78 | -115.9 |  -24.8 | [1.31  4.609 6.22 ] | [0. 0. 0.]
 19.5 |    -27    -33     9 |   44 |  3.5  3.2  7.7 |  1.2 | 0.038 |  2.0 |  39.1 | [ 0.182 -0.948 -2.443] | [-0.116  0.024 -0.129] | 0.38 0.79 | -130.0 |  -39.0 | [0.945 3.402 5.298] | [0. 0. 0.]
 20.5 |    -31    -23     5 |   38 |  1.4  3.4  9.3 |  0.9 | 0.028 |  1.5 |  39.4 | [ 0.033 -0.942 -2.545] | [-0.113  0.034 -0.132] | 0.43 0.78 | -134.6 |  -44.3 | [0.519 3.234 0.874] | [0. 0. 0.]
 21.5 |    -22    -11     1 |   25 |  0.8  4.3  8.6 |  0.7 | 0.017 |  1.6 |  39.4 | [-0.007 -0.969 -2.61 ] | [-0.113  0.042 -0.135] | 0.40 0.80 | -134.7 |  -44.5 | [1.666 1.421 2.004] | [0. 0. 0.]
 22.5 |    -20     -0     5 |   21 |  0.6  4.1  8.5 |  0.9 | 0.022 |  1.8 |  39.2 | [-0.024 -0.962 -2.52 ] | [-0.103  0.047 -0.138] | 0.42 0.79 | -134.7 |  -44.5 | [1.547 5.207 2.324] | [0. 0. 0.]
 23.5 |    -29     23     2 |   37 |  0.9  3.2  9.8 |  0.9 | 0.035 |  1.4 |  39.4 | [-0.095 -0.912 -2.553] | [-0.087  0.051 -0.14 ] | 0.42 0.78 | -134.6 |  -44.4 | [4.817 3.456 1.59 ] | [0. 0. 0.]
 24.5 |    -21     26     3 |   34 |  1.4  2.8  9.5 |  0.8 | 0.025 |  1.2 |  39.3 | [-0.011 -0.913 -2.577] | [-0.065  0.051 -0.143] | 0.42 0.78 | -133.0 |  -42.9 | [5.153 7.007 3.155] | [0. 0. 0.]
 25.5 |    -23     14     4 |   27 |  2.0  1.6  8.9 |  1.1 | 0.036 |  1.3 |  39.4 | [ 0.039 -0.902 -2.595] | [-0.035  0.049 -0.146] | 0.38 0.80 | -125.3 |  -35.2 | [5.196 4.481 2.706] | [0. 0. 0.]
 26.5 |    -56     20     2 |   59 |  1.0  1.2  7.2 |  1.2 | 0.060 |  1.4 |  39.5 | [ 0.179 -0.823 -2.683] | [ 0.012  0.055 -0.147] | 0.44 0.78 | -111.6 |  -21.4 | [2.53  2.456 1.946] | [0. 0. 0.]
 27.5 |    -76     12     3 |   77 |  0.8  2.5  4.1 |  1.6 | 0.062 |  1.4 |  39.6 | [ 0.342 -0.756 -2.78 ] | [ 0.058  0.06  -0.15 ] | 0.43 0.78 |  -96.6 |   -6.6 | [1.435 8.642 4.958] | [0. 0. 0.]
 28.5 |    -61     25     8 |   67 |  0.6  1.2  1.5 |  1.1 | 0.043 |  1.4 |  39.3 | [ 0.507 -0.546 -2.631] | [ 0.089  0.055 -0.151] | 0.42 0.79 |  -81.6 |    8.3 | [2.61  4.144 2.219] | [0. 0. 0.]
 29.5 |    -48     15    -0 |   51 |  1.9  0.4  1.3 |  1.2 | 0.040 |  1.4 |  39.6 | [ 0.634 -0.431 -2.715] | [ 0.119  0.048 -0.15 ] | 0.41 0.79 |  -66.6 |   23.5 | [3.718 1.763 1.494] | [0. 0. 0.]
 30.5 |    -48      8     3 |   48 |  3.1  0.8  1.6 |  1.3 | 0.032 |  1.3 |  39.4 | [ 0.649 -0.254 -2.764] | [ 0.127  0.039 -0.15 ] | 0.42 0.79 |  -51.6 |   38.4 | [2.706 3.771 6.046] | [0. 0. 0.]
 31.5 |    -21     32     8 |   40 |  2.2  1.8  4.2 |  1.3 | 0.032 |  1.5 |  39.4 | [ 0.709 -0.021 -2.623] | [ 0.121  0.033 -0.148] | 0.44 0.78 |  -36.6 |   53.5 | [2.949 1.729 2.761] | [0. 0. 0.]
 32.5 |    -17     53    -0 |   56 |  1.6  2.9  4.1 |  1.1 | 0.055 |  1.4 |  39.8 | [ 0.7    0.202 -2.827] | [ 0.098  0.025 -0.145] | 0.44 0.78 |  -21.6 |   68.5 | [5.847 1.6   1.404] | [0. 0. 0.]
 33.5 |    -29     74    -1 |   80 |  0.8  3.5  4.4 |  1.1 | 0.069 |  1.5 |  40.0 | [ 0.645  0.387 -3.112] | [ 0.063  0.016 -0.143] | 0.44 0.78 |   -6.6 |   83.5 | [8.747 3.033 3.757] | [0. 0. 0.]
 34.5 |    -61     58     5 |   84 |  2.5  3.1  3.7 |  0.7 | 0.056 |  1.5 |  39.6 | [ 0.484  0.537 -2.993] | [ 0.057  0.001 -0.142] | 0.42 0.78 |    8.5 |   98.4 | [5.507 2.03  2.21 ] | [0. 0. 0.]
 35.5 |    -68      4     7 |   68 |  3.1  3.5  1.5 |  0.7 | 0.047 |  1.1 |  39.5 | [ 0.339  0.673 -2.77 ] | [ 0.072 -0.023 -0.142] | 0.45 0.78 |   23.5 |  113.4 | [2.382 2.975 2.992] | [0. 0. 0.]
 36.5 |    -43    -28     1 |   52 |  6.0  1.8  0.8 |  0.7 | 0.036 |  1.2 |  39.7 | [ 0.203  0.706 -2.894] | [ 0.078 -0.04  -0.139] | 0.43 0.78 |   38.5 |  128.4 | [5.855 2.258 0.929] | [0. 0. 0.]
 37.5 |    -16    -38    -0 |   41 |  5.0  1.3  1.7 |  0.8 | 0.038 |  1.3 |  39.6 | [ 0.017  0.686 -2.888] | [ 0.097 -0.056 -0.141] | 0.40 0.80 |   53.5 |  143.2 | [ 6.575 10.689  1.115] | [0. 0. 0.]
 38.5 |     10    -24     0 |   26 |  5.0  1.8  1.8 |  1.0 | 0.016 |  1.6 |  39.7 | [-0.168  0.78  -2.921] | [ 0.114 -0.064 -0.144] | 0.41 0.80 |   68.5 |  158.0 | [3.017 9.022 1.339] | [0. 0. 0.]
 39.5 |      3    -20     3 |   21 |  3.8  1.8  2.7 |  0.9 | 0.023 |  1.4 |  39.7 | [-0.409  0.646 -2.887] | [ 0.13  -0.07  -0.146] | 0.41 0.80 |   83.5 |  161.2 | [7.212 5.086 1.398] | [0. 0. 0.]
 40.5 |    -15    -40    -4 |   43 |  2.7  1.5  3.7 |  0.8 | 0.036 |  1.3 |  40.0 | [-0.61  0.48 -3.13] | [ 0.127 -0.077 -0.149] | 0.43 0.79 |   98.5 | -172.1 | [3.87  4.931 2.116] | [0. 0. 0.]
 41.5 |    -10    -41    -1 |   43 |  1.3  2.5  4.2 |  0.8 | 0.025 |  1.4 |  39.8 | [-0.665  0.304 -3.14 ] | [ 0.124 -0.079 -0.148] | 0.44 0.79 |  113.5 | -156.8 | [7.505 7.27  2.024] | [0. 0. 0.]
 42.5 |     15    -18     9 |   25 |  0.9  3.1  4.2 |  0.9 | 0.019 |  1.4 |  39.4 | [-0.761  0.201 -2.794] | [ 0.131 -0.089 -0.149] | 0.42 0.79 |  128.5 | -141.6 | [0.679 4.388 4.636] | [0. 0. 0.]
 43.5 |     14    -19     6 |   24 |  0.8  1.0  5.3 |  1.0 | 0.022 |  1.4 |  39.7 | [-0.804 -0.021 -2.877] | [ 0.128 -0.087 -0.151] | 0.36 0.81 |  143.6 | -126.7 | [1.088 3.292 4.614] | [0. 0. 0.]
 44.5 |    -12    -39     5 |   41 |  0.9  1.6  7.4 |  1.1 | 0.054 |  1.6 |  39.9 | [-0.795 -0.247 -3.037] | [ 0.099 -0.059 -0.154] | 0.39 0.81 |  158.6 | -111.7 | [1.599 2.624 3.887] | [0. 0. 0.]
 45.5 |    -61    -41     1 |   73 |  2.9  3.4  8.9 |  1.6 | 0.072 |  1.7 |  40.1 | [-0.725 -0.43  -3.284] | [ 0.079 -0.005 -0.159] | 0.41 0.80 |  148.4 |  -97.1 | [2.346 3.609 0.364] | [0. 0. 0.]
 46.5 |    -83    -25    -0 |   87 |  1.6  3.8  8.2 |  1.7 | 0.062 |  2.0 |  40.3 | [-0.671 -0.558 -3.486] | [ 0.073  0.04  -0.16 ] | 0.43 0.78 | -171.4 |  -81.6 | [1.619 2.655 0.805] | [0. 0. 0.]
 47.5 |    -53    -50     3 |   73 |  3.6  4.8  8.5 |  1.7 | 0.064 |  1.9 |  40.3 | [-0.545 -0.739 -3.495] | [ 0.044  0.07  -0.158] | 0.42 0.79 | -156.4 |  -66.5 | [3.317 2.567 1.636] | [0. 0. 0.]
 48.5 |     -7    -75    -1 |   75 |  5.2  5.6  7.6 |  1.3 | 0.053 |  2.1 |  40.6 | [-0.298 -0.841 -3.727] | [ 0.025  0.104 -0.156] | 0.38 0.82 | -143.1 |  -53.0 | [6.666 1.339 2.68 ] | [0. 0. 0.]
 49.5 |     -2    -46    10 |   47 |  5.6  5.6  5.0 |  1.3 | 0.031 |  2.0 |  39.7 | [-0.125 -0.897 -3.331] | [ 0.038  0.127 -0.151] | 0.41 0.79 | -136.0 |  -46.0 | [2.142 7.713 6.104] | [0. 0. 0.]
 50.5 |    -28     14    13 |   34 |  5.6  5.1  1.5 |  1.0 | 0.041 |  1.2 |  39.6 | [-0.086 -0.847 -2.983] | [ 0.068  0.13  -0.148] | 0.42 0.79 | -134.7 |  -44.6 | [3.13  3.519 4.441] | [0. 0. 0.]
 51.5 |    -47     29     5 |   55 |  5.4  5.4  1.4 |  1.1 | 0.039 |  1.5 |  39.9 | [-0.124 -0.861 -3.006] | [ 0.092  0.129 -0.147] | 0.42 0.79 | -134.7 |  -44.7 | [4.455 9.449 2.28 ] | [0. 0. 0.]
 52.5 |    -45      2     1 |   45 |  5.6  6.0  2.6 |  1.4 | 0.024 |  1.7 |  39.9 | [-0.141 -0.932 -3.066] | [ 0.107  0.127 -0.148] | 0.43 0.79 | -134.7 |  -44.8 | [2.709 3.821 0.71 ] | [0. 0. 0.]
 53.5 |    -15      3     1 |   16 |  5.8  5.9  2.7 |  1.1 | 0.013 |  1.5 |  39.8 | [-0.113 -0.923 -3.067] | [ 0.116  0.118 -0.148] | 0.36 0.82 | -134.7 |  -44.8 | [3.426 2.236 1.261] | [0. 0. 0.]
 54.5 |      1     14    -0 |   14 |  5.2  6.1  2.3 |  0.9 | 0.012 |  1.3 |  40.1 | [-0.13  -0.909 -3.162] | [ 0.122  0.114 -0.15 ] | 0.45 0.79 | -134.7 |  -44.8 | [4.075 3.694 0.796] | [0. 0. 0.]
 55.5 |     13      3     0 |   13 |  5.0  6.6  3.0 |  1.0 | 0.023 |  1.6 |  40.0 | [-0.096 -0.92  -3.258] | [ 0.108  0.114 -0.153] | 0.37 0.81 | -134.7 |  -45.0 | [2.505 3.276 3.867] | [0. 0. 0.]
 56.5 |     20    -10     5 |   23 |  7.0  4.7  2.6 |  1.4 | 0.024 |  1.5 |  40.1 | [-0.116 -0.919 -3.218] | [ 0.094  0.109 -0.16 ] | 0.42 0.79 | -134.7 |  -45.3 | [4.707 1.839 1.862] | [0. 0. 0.]
 57.5 |     12    -24     1 |   26 |  4.8  5.9  2.3 |  1.3 | 0.031 |  1.7 |  33.3 | [-0.144 -0.848 -2.72 ] | [ 0.064  0.093 -0.14 ] | 0.00 0.83 | -134.7 |  -45.4 | [1.273 5.153 5.077] | [0. 0. 0.]
 58.5 |      0      0     0 |    0 |  0.0  0.0  0.0 |  0.0 | 0.000 |  2.3 |   0.0 | [0. 0. 0.] | [0. 0. 0.] | 0.00 0.00 |    0.0 |  -47.5 | [3.524 5.415 3.834] | [0. 0. 0.]
 59.5 |      0      0     0 |    0 |  0.0  0.0  0.0 |  0.0 | 0.000 |  1.6 |   0.0 | [0. 0. 0.] | [0. 0. 0.] | 0.00 0.00 |    0.0 |  -45.6 | [2.518 1.696 1.878] | [0. 0. 0.]
 60.5 |      0      0     0 |    0 |  0.0  0.0  0.0 |  0.0 | 0.000 |  1.6 |   0.0 | [0. 0. 0.] | [0. 0. 0.] | 0.00 0.00 |    0.0 |  -44.9 | [1.799 4.071 2.05 ] | [0. 0. 0.]

==== zoom 48.8 .. 59.8 s at 0.1 s: mocap pos (raw) | odom fused pos | PX4 EKF vel | x_cd | e_p mm | u1 | |e_R| | tilt | motors
 48.81 | [-0.542 -0.19   1.026] | [-0.548 -0.191  1.022] | [-0.069  0.034 -0.012] | [-0.548 -0.124  1.005] |     4   -72   -2 |  40.4 | 0.042 |  2.0 | [0.568 0.546 0.701 0.704]
 48.91 | [-0.54  -0.194  1.029] | [-0.545 -0.196  1.024] | [-0.056  0.018 -0.015] | [-0.547 -0.132  1.005] |     5   -70   -0 |  40.2 | 0.045 |  2.0 | [0.58  0.553 0.69  0.693]
 49.01 | [-0.538 -0.198  1.031] | [-0.543 -0.201  1.026] | [-0.041  0.017 -0.021] | [-0.545 -0.139  1.005] |     6   -68    2 |  40.0 | 0.045 |  1.9 | [0.569 0.542 0.695 0.7  ]
 49.11 | [-0.538 -0.2    1.034] | [-0.541 -0.205  1.028] | [-0.033 -0.017 -0.011] | [-0.543 -0.145  1.005] |     6   -65    4 |  40.0 | 0.044 |  2.0 | [0.569 0.545 0.696 0.697]
 49.21 | [-0.539 -0.199  1.036] | [-0.541 -0.208  1.03 ] | [-0.032 -0.004 -0.015] | [-0.542 -0.15   1.005] |     5   -63    5 |  40.0 | 0.039 |  2.0 | [0.592 0.569 0.675 0.677]
 49.31 | [-0.54  -0.199  1.038] | [-0.541 -0.208  1.031] | [-0.019 -0.018 -0.008] | [-0.54  -0.155  1.006] |     4   -59    7 |  39.8 | 0.031 |  2.0 | [0.563 0.54  0.695 0.7  ]
 49.41 | [-0.541 -0.198  1.04 ] | [-0.542 -0.207  1.034] | [ 0.026 -0.033 -0.01 ] | [-0.539 -0.159  1.006] |     2   -54    9 |  39.7 | 0.027 |  2.0 | [0.573 0.552 0.684 0.688]
 49.51 | [-0.544 -0.195  1.042] | [-0.543 -0.204  1.035] | [ 0.012 -0.027 -0.005] | [-0.538 -0.162  1.006] |    -1   -47   11 |  39.6 | 0.024 |  1.9 | [0.575 0.551 0.687 0.684]
 49.61 | [-0.547 -0.191  1.044] | [-0.546 -0.2    1.037] | [ 0.022 -0.02  -0.005] | [-0.537 -0.165  1.006] |    -4   -40   12 |  39.6 | 0.023 |  1.7 | [0.56  0.541 0.697 0.692]
 49.71 | [-0.55  -0.186  1.045] | [-0.549 -0.194  1.039] | [ 0.038 -0.031  0.002] | [-0.536 -0.167  1.006] |    -7   -33   14 |  39.5 | 0.024 |  1.7 | [0.575 0.556 0.681 0.68 ]
 49.81 | [-0.553 -0.181  1.045] | [-0.551 -0.189  1.04 ] | [ 0.04  -0.017  0.006] | [-0.536 -0.169  1.006] |   -11   -25   15 |  39.5 | 0.025 |  1.6 | [0.567 0.545 0.688 0.691]
 49.91 | [-0.555 -0.176  1.045] | [-0.554 -0.183  1.04 ] | [ 0.045 -0.021  0.009] | [-0.535 -0.17   1.006] |   -14   -18   15 |  39.6 | 0.028 |  1.4 | [0.559 0.537 0.695 0.7  ]
 50.01 | [-0.558 -0.17   1.045] | [-0.557 -0.176  1.04 ] | [ 0.052 -0.033  0.017] | [-0.535 -0.171  1.006] |   -17   -11   15 |  39.7 | 0.033 |  1.3 | [0.569 0.549 0.689 0.693]
 50.11 | [-0.561 -0.165  1.044] | [-0.559 -0.17   1.039] | [ 0.036 -0.026  0.017] | [-0.534 -0.172  1.006] |   -20    -4   14 |  39.8 | 0.032 |  1.2 | [0.565 0.543 0.695 0.693]
 50.21 | [-0.564 -0.16   1.044] | [-0.561 -0.165  1.039] | [ 0.046 -0.028  0.012] | [-0.534 -0.173  1.006] |   -22     2   14 |  39.6 | 0.035 |  1.1 | [0.565 0.537 0.695 0.696]
 50.31 | [-0.565 -0.156  1.044] | [-0.564 -0.16   1.039] | [ 0.035 -0.018  0.012] | [-0.534 -0.173  1.006] |   -24     8   13 |  39.6 | 0.037 |  1.0 | [0.565 0.55  0.686 0.691]
 50.41 | [-0.568 -0.153  1.043] | [-0.565 -0.155  1.039] | [ 0.042 -0.023  0.013] | [-0.534 -0.173  1.006] |   -26    13   13 |  39.5 | 0.041 |  1.2 | [0.558 0.545 0.692 0.693]
 50.51 | [-0.571 -0.15   1.043] | [-0.568 -0.15   1.038] | [ 0.034 -0.026  0.014] | [-0.534 -0.173  1.006] |   -29    17   13 |  39.5 | 0.044 |  1.2 | [0.562 0.544 0.692 0.69 ]
 50.61 | [-0.574 -0.146  1.042] | [-0.57  -0.146  1.038] | [ 0.024 -0.016  0.019] | [-0.534 -0.173  1.006] |   -31    22   13 |  39.6 | 0.046 |  1.2 | [0.561 0.536 0.696 0.698]
 50.71 | [-0.576 -0.145  1.041] | [-0.573 -0.142  1.037] | [ 0.021 -0.003  0.02 ] | [-0.534 -0.173  1.006] |   -34    26   12 |  39.7 | 0.047 |  1.0 | [0.567 0.547 0.691 0.691]
 50.81 | [-0.58  -0.142  1.04 ] | [-0.576 -0.139  1.036] | [ 0.022 -0.003  0.022] | [-0.534 -0.173  1.006] |   -37    29   11 |  39.7 | 0.047 |  1.0 | [0.556 0.541 0.698 0.699]
 50.91 | [-0.582 -0.141  1.039] | [-0.578 -0.136  1.035] | [ 0.018 -0.001  0.02 ] | [-0.534 -0.173  1.006] |   -39    32   10 |  39.8 | 0.046 |  1.0 | [0.557 0.538 0.702 0.701]
 51.01 | [-0.584 -0.141  1.037] | [-0.58  -0.134  1.034] | [ 0.028 -0.003  0.023] | [-0.534 -0.173  1.006] |   -41    34    9 |  39.9 | 0.046 |  1.0 | [0.559 0.539 0.701 0.701]
 51.11 | [-0.586 -0.141  1.035] | [-0.581 -0.133  1.033] | [ 0.016 -0.01   0.018] | [-0.534 -0.173  1.006] |   -42    35    7 |  39.9 | 0.044 |  1.0 | [0.562 0.545 0.697 0.696]
 51.21 | [-0.588 -0.141  1.034] | [-0.583 -0.132  1.032] | [ 0.018 -0.011  0.013] | [-0.534 -0.173  1.006] |   -44    36    7 |  39.8 | 0.043 |  1.1 | [0.566 0.547 0.691 0.694]
 51.31 | [-0.589 -0.143  1.033] | [-0.584 -0.133  1.031] | [-0.01  -0.001  0.005] | [-0.534 -0.173  1.006] |   -46    35    6 |  39.6 | 0.044 |  1.0 | [0.566 0.546 0.688 0.695]
 51.41 | [-0.591 -0.145  1.033] | [-0.586 -0.135  1.031] | [-0.007  0.003  0.005] | [-0.534 -0.173  1.006] |   -47    33    6 |  39.7 | 0.043 |  1.1 | [0.548 0.53  0.704 0.707]
 51.51 | [-0.592 -0.147  1.033] | [-0.588 -0.137  1.03 ] | [-0.017  0.003  0.012] | [-0.534 -0.173  1.006] |   -49    31    5 |  39.9 | 0.041 |  1.2 | [0.566 0.548 0.695 0.694]
 51.61 | [-0.592 -0.151  1.032] | [-0.588 -0.14   1.029] | [ 0.002 -0.001  0.018] | [-0.534 -0.173  1.006] |   -50    29    4 |  40.0 | 0.036 |  1.2 | [0.551 0.535 0.706 0.709]
 51.71 | [-0.592 -0.154  1.031] | [-0.589 -0.143  1.028] | [-0.01  -0.001  0.016] | [-0.534 -0.173  1.006] |   -50    25    3 |  40.0 | 0.033 |  1.2 | [0.57  0.551 0.692 0.698]
 51.81 | [-0.592 -0.157  1.029] | [-0.588 -0.147  1.027] | [-0.016  0.005  0.015] | [-0.534 -0.173  1.006] |   -49    21    2 |  40.1 | 0.031 |  1.4 | [0.559 0.544 0.701 0.705]
 51.91 | [-0.592 -0.16   1.029] | [-0.588 -0.152  1.027] | [-0.025 -0.002  0.009] | [-0.534 -0.173  1.006] |   -49    17    2 |  40.0 | 0.034 |  1.5 | [0.557 0.542 0.701 0.705]
 52.01 | [-0.592 -0.164  1.028] | [-0.588 -0.156  1.027] | [-0.022 -0.005  0.006] | [-0.534 -0.173  1.006] |   -49    12    2 |  39.9 | 0.032 |  1.6 | [0.551 0.537 0.704 0.706]
 52.11 | [-0.591 -0.166  1.028] | [-0.588 -0.16   1.027] | [-0.017 -0.004  0.002] | [-0.534 -0.173  1.006] |   -49     8    2 |  39.7 | 0.032 |  1.6 | [0.554 0.54  0.699 0.703]
 52.21 | [-0.589 -0.169  1.028] | [-0.588 -0.164  1.027] | [-0.002  0.005  0.002] | [-0.534 -0.173  1.006] |   -49     5    2 |  39.7 | 0.031 |  1.7 | [0.562 0.549 0.693 0.695]
 52.31 | [-0.588 -0.17   1.028] | [-0.588 -0.166  1.027] | [-0.018  0.029  0.006] | [-0.534 -0.173  1.006] |   -49     2    2 |  39.9 | 0.031 |  1.7 | [0.566 0.554 0.69  0.692]
 52.41 | [-0.586 -0.172  1.027] | [-0.587 -0.168  1.027] | [-0.011  0.027  0.007] | [-0.534 -0.173  1.006] |   -48    -0    2 |  39.9 | 0.030 |  1.7 | [0.56  0.54  0.699 0.702]
 52.51 | [-0.584 -0.172  1.027] | [-0.586 -0.17   1.026] | [-0.002  0.037  0.005] | [-0.534 -0.173  1.006] |   -47    -2    1 |  39.9 | 0.025 |  1.6 | [0.555 0.542 0.704 0.7  ]
 52.61 | [-0.581 -0.172  1.026] | [-0.584 -0.17   1.026] | [0.02  0.032 0.002] | [-0.534 -0.173  1.006] |   -45    -2    1 |  39.8 | 0.020 |  1.7 | [0.553 0.547 0.701 0.698]
 52.71 | [-0.578 -0.172  1.026] | [-0.581 -0.17   1.027] | [0.017 0.047 0.001] | [-0.534 -0.173  1.006] |   -42    -2    1 |  39.8 | 0.017 |  1.7 | [0.555 0.543 0.697 0.702]
 52.81 | [-0.574 -0.17   1.026] | [-0.577 -0.17   1.026] | [0.008 0.041 0.008] | [-0.534 -0.173  1.006] |   -39    -2    1 |  39.9 | 0.016 |  1.5 | [0.559 0.536 0.698 0.705]
 52.91 | [-0.569 -0.171  1.026] | [-0.574 -0.169  1.025] | [0.015 0.04  0.006] | [-0.534 -0.173  1.006] |   -35    -1    0 |  40.0 | 0.015 |  1.3 | [0.567 0.547 0.694 0.699]
 53.01 | [-0.566 -0.169  1.025] | [-0.57  -0.168  1.025] | [0.022 0.023 0.01 ] | [-0.534 -0.173  1.006] |   -32    -0   -0 |  40.0 | 0.015 |  1.3 | [0.556 0.547 0.702 0.703]
 53.11 | [-0.562 -0.169  1.025] | [-0.567 -0.168  1.024] | [0.011 0.031 0.007] | [-0.534 -0.173  1.006] |   -28     0   -1 |  40.1 | 0.012 |  1.5 | [0.561 0.55  0.697 0.7  ]
 53.21 | [-0.559 -0.168  1.025] | [-0.563 -0.168  1.024] | [ 0.009  0.037 -0.003] | [-0.534 -0.173  1.006] |   -25     0   -1 |  39.9 | 0.011 |  1.5 | [0.551 0.541 0.703 0.704]
 53.31 | [-0.555 -0.167  1.026] | [-0.559 -0.167  1.025] | [ 0.01   0.034 -0.01 ] | [-0.534 -0.173  1.006] |   -21     1   -0 |  39.6 | 0.011 |  1.5 | [0.553 0.544 0.695 0.697]
 53.41 | [-0.552 -0.165  1.028] | [-0.555 -0.166  1.026] | [ 0.021  0.02  -0.003] | [-0.534 -0.173  1.006] |   -17     2    1 |  39.6 | 0.013 |  1.4 | [0.555 0.541 0.698 0.7  ]
 53.51 | [-0.549 -0.164  1.028] | [-0.552 -0.165  1.027] | [ 0.035  0.018 -0.003] | [-0.534 -0.173  1.006] |   -13     3    2 |  39.7 | 0.012 |  1.3 | [0.559 0.543 0.696 0.698]
 53.61 | [-0.546 -0.162  1.028] | [-0.548 -0.164  1.027] | [ 0.014  0.02  -0.003] | [-0.534 -0.173  1.006] |   -10     4    2 |  39.8 | 0.013 |  1.3 | [0.554 0.543 0.699 0.701]
 53.71 | [-0.543 -0.16   1.029] | [-0.545 -0.163  1.027] | [ 0.023  0.013 -0.004] | [-0.534 -0.173  1.006] |    -7     5    2 |  39.7 | 0.017 |  1.3 | [0.555 0.544 0.701 0.696]
 53.81 | [-0.54  -0.158  1.029] | [-0.543 -0.161  1.028] | [0.019 0.015 0.002] | [-0.534 -0.173  1.006] |    -4     6    2 |  39.7 | 0.015 |  1.3 | [0.554 0.542 0.699 0.698]
 53.91 | [-0.538 -0.156  1.029] | [-0.54  -0.16   1.028] | [0.014 0.005 0.007] | [-0.534 -0.173  1.006] |    -2     8    2 |  39.8 | 0.015 |  1.3 | [0.558 0.544 0.695 0.7  ]
 54.01 | [-0.536 -0.155  1.029] | [-0.539 -0.159  1.027] | [0.018 0.007 0.008] | [-0.534 -0.173  1.006] |     0     9    2 |  39.8 | 0.015 |  1.2 | [0.557 0.545 0.695 0.702]
 54.11 | [-0.534 -0.153  1.028] | [-0.537 -0.157  1.027] | [0.    0.013 0.007] | [-0.534 -0.173  1.006] |     1    11    2 |  39.9 | 0.014 |  1.2 | [0.555 0.543 0.697 0.706]
 54.21 | [-0.533 -0.152  1.027] | [-0.537 -0.156  1.027] | [0.    0.002 0.008] | [-0.534 -0.173  1.006] |     2    12    2 |  39.9 | 0.013 |  1.2 | [0.552 0.54  0.701 0.708]
 54.31 | [-0.532 -0.151  1.027] | [-0.536 -0.155  1.026] | [0.004 0.003 0.01 ] | [-0.534 -0.173  1.006] |     2    13    1 |  40.1 | 0.015 |  1.3 | [0.552 0.549 0.702 0.705]
 54.41 | [-0.532 -0.15   1.026] | [-0.537 -0.154  1.025] | [ 0.008 -0.012  0.013] | [-0.534 -0.173  1.006] |     2    14    0 |  40.1 | 0.014 |  1.3 | [0.557 0.541 0.705 0.706]
 54.51 | [-0.533 -0.15   1.025] | [-0.537 -0.153  1.025] | [ 0.008 -0.003  0.007] | [-0.534 -0.173  1.006] |     2    15   -1 |  40.0 | 0.012 |  1.2 | [0.559 0.536 0.706 0.705]
 54.61 | [-0.532 -0.148  1.025] | [-0.537 -0.152  1.024] | [-0.003 -0.005  0.007] | [-0.534 -0.173  1.006] |     2    16   -1 |  40.0 | 0.012 |  1.1 | [0.558 0.545 0.702 0.703]
 54.71 | [-0.533 -0.148  1.024] | [-0.538 -0.152  1.024] | [-0.006 -0.005  0.005] | [-0.534 -0.173  1.006] |     1    16   -1 |  40.1 | 0.008 |  1.1 | [0.549 0.534 0.709 0.715]
 54.81 | [-0.533 -0.149  1.024] | [-0.538 -0.152  1.023] | [-0.02   0.006  0.006] | [-0.534 -0.173  1.006] |     1    16   -2 |  40.2 | 0.009 |  1.2 | [0.561 0.547 0.702 0.704]
 54.91 | [-0.533 -0.151  1.024] | [-0.538 -0.153  1.023] | [-0.014  0.001  0.008] | [-0.534 -0.173  1.006] |     0    15   -2 |  40.3 | 0.008 |  1.2 | [0.564 0.539 0.708 0.704]
 55.01 | [-0.533 -0.152  1.025] | [-0.538 -0.155  1.023] | [-0.022  0.011  0.007] | [-0.534 -0.173  1.006] |     1    14   -3 |  40.3 | 0.010 |  1.2 | [0.555 0.533 0.714 0.71 ]
 55.11 | [-0.532 -0.154  1.025] | [-0.536 -0.157  1.022] | [-0.03   0.017  0.002] | [-0.534 -0.173  1.006] |     2    12   -3 |  40.2 | 0.018 |  1.3 | [0.564 0.55  0.699 0.699]
 55.21 | [-0.53  -0.156  1.026] | [-0.533 -0.159  1.023] | [-0.027  0.027 -0.001] | [-0.534 -0.173  1.006] |     5     9   -3 |  40.1 | 0.026 |  1.4 | [0.542 0.53  0.715 0.714]
 55.31 | [-0.528 -0.159  1.027] | [-0.53  -0.162  1.024] | [-0.046  0.036 -0.007] | [-0.534 -0.173  1.006] |     8     6   -2 |  40.0 | 0.028 |  1.4 | [0.549 0.538 0.703 0.709]
 55.41 | [-0.526 -0.162  1.028] | [-0.527 -0.166  1.024] | [-0.036  0.028 -0.002] | [-0.534 -0.173  1.006] |    11     3   -1 |  40.0 | 0.026 |  1.5 | [0.552 0.542 0.701 0.71 ]
 55.51 | [-0.523 -0.164  1.03 ] | [-0.524 -0.168  1.025] | [-0.032  0.032 -0.005] | [-0.534 -0.173  1.006] |    14    -0   -0 |  40.0 | 0.026 |  1.6 | [0.542 0.533 0.711 0.714]
 55.61 | [-0.521 -0.168  1.031] | [-0.521 -0.17   1.026] | [-0.031  0.029 -0.007] | [-0.534 -0.173  1.006] |    17    -2    1 |  39.9 | 0.025 |  1.6 | [0.55  0.54  0.702 0.706]
 55.71 | [-0.519 -0.168  1.033] | [-0.519 -0.171  1.028] | [-0.026  0.017 -0.009] | [-0.534 -0.173  1.006] |    20    -3    3 |  39.7 | 0.024 |  1.6 | [0.541 0.525 0.705 0.711]
 55.81 | [-0.518 -0.17   1.034] | [-0.517 -0.172  1.03 ] | [-0.014  0.011 -0.008] | [-0.534 -0.173  1.006] |    22    -4    4 |  39.7 | 0.023 |  1.4 | [0.54  0.519 0.71  0.712]
 55.91 | [-0.518 -0.171  1.035] | [-0.516 -0.173  1.031] | [-0.023  0.015 -0.001] | [-0.534 -0.173  1.006] |    23    -5    6 |  39.7 | 0.026 |  1.4 | [0.555 0.544 0.697 0.699]
 56.01 | [-0.518 -0.172  1.036] | [-0.515 -0.174  1.032] | [-0.016  0.009  0.002] | [-0.534 -0.173  1.006] |    24    -6    6 |  39.8 | 0.025 |  1.5 | [0.532 0.525 0.716 0.713]
 56.11 | [-0.519 -0.173  1.035] | [-0.515 -0.174  1.032] | [-0.013 -0.006  0.011] | [-0.534 -0.173  1.006] |    24    -6    7 |  39.9 | 0.025 |  1.5 | [0.551 0.538 0.705 0.702]
 56.21 | [-0.52  -0.175  1.034] | [-0.515 -0.175  1.032] | [-0.002 -0.003  0.008] | [-0.534 -0.173  1.006] |    24    -7    7 |  39.9 | 0.025 |  1.4 | [0.548 0.527 0.71  0.708]
 56.31 | [-0.521 -0.176  1.034] | [-0.515 -0.176  1.032] | [-0.006 -0.007  0.007] | [-0.534 -0.173  1.006] |    24    -8    7 |  39.8 | 0.026 |  1.3 | [0.528 0.509 0.721 0.725]
 56.41 | [-0.522 -0.178  1.032] | [-0.516 -0.177  1.032] | [-0.011 -0.01   0.009] | [-0.534 -0.173  1.006] |    23    -9    7 |  39.9 | 0.022 |  1.4 | [0.554 0.546 0.699 0.702]
 56.51 | [-0.523 -0.18   1.031] | [-0.518 -0.178  1.031] | [ 0.004 -0.025  0.015] | [-0.534 -0.173  1.006] |    21   -10    6 |  40.0 | 0.020 |  1.5 | [0.553 0.544 0.706 0.704]
 56.61 | [-0.525 -0.181  1.029] | [-0.52 -0.18  1.03] | [ 0.002 -0.026  0.016] | [-0.534 -0.173  1.006] |    19   -11    5 |  40.1 | 0.022 |  1.4 | [0.55  0.527 0.717 0.711]
 56.71 | [-0.526 -0.184  1.027] | [-0.522 -0.181  1.029] | [ 0.005 -0.009  0.017] | [-0.534 -0.173  1.006] |    17   -12    4 |  40.3 | 0.024 |  1.4 | [0.548 0.533 0.717 0.713]
 56.81 | [-0.528 -0.185  1.026] | [-0.524 -0.182  1.026] | [-0.004 -0.019  0.025] | [-0.534 -0.173  1.006] |    15   -14    1 |  40.5 | 0.022 |  1.5 | [0.548 0.542 0.714 0.716]
 56.91 | [-0.529 -0.187  1.024] | [-0.526 -0.184  1.024] | [-0.001 -0.007  0.02 ] | [-0.534 -0.173  1.006] |    13   -15   -1 |  40.6 | 0.024 |  1.5 | [0.543 0.533 0.72  0.721]
 57.01 | [-0.529 -0.189  1.023] | [-0.527 -0.186  1.023] | [-0.014 -0.     0.01 ] | [-0.534 -0.173  1.006] |    12   -17   -2 |  40.5 | 0.028 |  1.5 | [0.539 0.523 0.725 0.727]
 57.11 | [-0.529 -0.191  1.023] | [-0.527 -0.189  1.022] | [-0.02  -0.008  0.005] | [-0.534 -0.173  1.006] |    12   -21   -3 |  40.4 | 0.033 |  1.5 | [0.551 0.532 0.715 0.717]
 57.21 | [-0.528 -0.192  1.025] | [-0.527 -0.193  1.022] | [-0.024  0.003 -0.009] | [-0.534 -0.173  1.006] |    12   -24   -3 |  40.1 | 0.039 |  1.5 | [0.539 0.52  0.72  0.72 ]
 57.31 | [-0.527 -0.194  1.027] | [-0.527 -0.197  1.024] | [-0.011  0.007 -0.012] | [-0.534 -0.173  1.006] |    12   -28   -2 |  39.9 | 0.041 |  1.6 | [0.537 0.522 0.714 0.714]
 57.41 | [-0.526 -0.195  1.03 ] | [-0.526 -0.199  1.025] | [-0.014  0.01  -0.013] | [-0.534 -0.173  1.006] |    12   -31    0 |  39.8 | 0.039 |  1.7 | [0.546 0.529 0.709 0.709]
 57.51 | [-0.524 -0.196  1.033] | [-0.525 -0.201  1.028] | [-0.016  0.017 -0.013] | [-0.534 -0.173  1.006] |    14   -33    2 |  39.6 | 0.037 |  1.7 | [0.536 0.52  0.713 0.714]
 57.61 | [-0.522 -0.197  1.036] | [-0.523 -0.202  1.03 ] | [-0.017  0.024 -0.015] | [-0.534 -0.173  1.006] |    15   -34    5 |  39.4 | 0.038 |  1.7 | [0.543 0.526 0.706 0.703]
 57.71 | [-0.521 -0.195  1.039] | [-0.521 -0.202  1.032] | [-0.02   0.031 -0.01 ] | [-0.534 -0.173  1.006] |    18   -34    7 |  39.4 | 0.037 |  1.7 | [0.533 0.519 0.711 0.713]
 57.81 | [-0.517 -0.195  1.041] | [-0.518 -0.202  1.034] | [-0.013  0.031  0.001] | [-0.278 -0.09   0.523] |    10   -18    4 |  20.6 | 0.018 |  1.6 | [0.279 0.27  0.367 0.372]
 57.91 | [-0.514 -0.194  1.042] | [-0.516 -0.201  1.035] | [0.    0.028 0.003] | [0. 0. 0.] |     0     0    0 |   0.0 | 0.000 |  1.6 | [0. 0. 0. 0.]
 58.01 | [-0.512 -0.191  1.042] | [-0.513 -0.199  1.036] | [0.016 0.016 0.005] | [0. 0. 0.] |     0     0    0 |   0.0 | 0.000 |  2.2 | [0. 0. 0. 0.]
 58.11 | [-0.51  -0.189  1.043] | [-0.511 -0.196  1.037] | [0.036 0.021 0.013] | [0. 0. 0.] |     0     0    0 |   0.0 | 0.000 |  2.3 | [0. 0. 0. 0.]
 58.21 | [-0.508 -0.185  1.041] | [-0.509 -0.192  1.036] | [0.021 0.017 0.041] | [0. 0. 0.] |     0     0    0 |   0.0 | 0.000 |  2.2 | [0. 0. 0. 0.]
 58.31 | [-0.507 -0.18   1.035] | [-0.507 -0.187  1.031] | [0.024 0.015 0.075] | [0. 0. 0.] |     0     0    0 |   0.0 | 0.000 |  1.2 | [0. 0. 0. 0.]
 58.41 | [-0.508 -0.176  1.027] | [-0.507 -0.183  1.023] | [ 0.033 -0.006  0.111] | [0. 0. 0.] |     0     0    0 |   0.0 | 0.000 |  0.7 | [0. 0. 0. 0.]
 58.51 | [-0.509 -0.174  1.016] | [-0.507 -0.179  1.013] | [ 0.016 -0.011  0.129] | [0. 0. 0.] |     0     0    0 |   0.0 | 0.000 |  0.8 | [0. 0. 0. 0.]
 58.61 | [-0.511 -0.173  1.002] | [-0.508 -0.177  1.   ] | [ 0.008 -0.02   0.143] | [0. 0. 0.] |     0     0    0 |   0.0 | 0.000 |  0.9 | [0. 0. 0. 0.]
 58.71 | [-0.513 -0.173  0.989] | [-0.509 -0.176  0.987] | [ 0.004 -0.021  0.152] | [0. 0. 0.] |     0     0    0 |   0.0 | 0.000 |  0.9 | [0. 0. 0. 0.]
 58.81 | [-0.519 -0.173  0.974] | [-0.512 -0.176  0.973] | [-0.01  -0.026  0.151] | [0. 0. 0.] |     0     0    0 |   0.0 | 0.000 |  1.0 | [0. 0. 0. 0.]
 58.91 | [-0.522 -0.174  0.959] | [-0.515 -0.176  0.959] | [-0.016 -0.024  0.146] | [0. 0. 0.] |     0     0    0 |   0.0 | 0.000 |  1.3 | [0. 0. 0. 0.]
 59.01 | [-0.524 -0.177  0.945] | [-0.519 -0.177  0.946] | [-0.027 -0.019  0.145] | [0. 0. 0.] |     0     0    0 |   0.0 | 0.000 |  1.3 | [0. 0. 0. 0.]
 59.11 | [-0.528 -0.178  0.932] | [-0.523 -0.179  0.932] | [-0.024 -0.024  0.148] | [0. 0. 0.] |     0     0    0 |   0.0 | 0.000 |  1.3 | [0. 0. 0. 0.]
 59.21 | [-0.53  -0.181  0.919] | [-0.528 -0.182  0.918] | [-0.035 -0.023  0.142] | [0. 0. 0.] |     0     0    0 |   0.0 | 0.000 |  1.1 | [0. 0. 0. 0.]
 59.31 | [-0.532 -0.183  0.906] | [-0.531 -0.185  0.905] | [-0.048 -0.025  0.134] | [0. 0. 0.] |     0     0    0 |   0.0 | 0.000 |  1.4 | [0. 0. 0. 0.]
 59.41 | [-0.534 -0.186  0.894] | [-0.535 -0.189  0.892] | [-0.055 -0.018  0.123] | [0. 0. 0.] |     0     0    0 |   0.0 | 0.000 |  1.5 | [0. 0. 0. 0.]
 59.51 | [-0.535 -0.189  0.884] | [-0.537 -0.192  0.882] | [-0.027 -0.026  0.11 ] | [0. 0. 0.] |     0     0    0 |   0.0 | 0.000 |  1.6 | [0. 0. 0. 0.]
 59.61 | [-0.537 -0.193  0.875] | [-0.539 -0.195  0.873] | [-0.031 -0.014  0.097] | [0. 0. 0.] |     0     0    0 |   0.0 | 0.000 |  1.6 | [0. 0. 0. 0.]
 59.71 | [-0.537 -0.194  0.867] | [-0.539 -0.197  0.864] | [-0.007 -0.011  0.081] | [0. 0. 0.] |     0     0    0 |   0.0 | 0.000 |  1.6 | [0. 0. 0. 0.]
